0 0 100 0.00 1488544320527 1488544320527 1488544320589 0.10000E+01
1 30 50 1500.00 1488544331707 1488544331707 1488544331759 0.10000E+01
2 30 50 1500.00 1488544334091 1488544334091 1488544334122 0.20000E+01
3 30 50 1500.00 1488544334231 1488544334231 1488544334262 0.30000E+01
4 30 50 1500.00 1488544334700 1488544334700 1488544334742 0.40000E+01
5 30 50 1500.00 1488544335701 1488544335701 1488544335753 0.50000E+01
6 30 50 1500.00 1488544336704 1488544336704 1488544336759 0.60000E+01
7 30 50 1500.00 1488544337721 1488544337721 1488544337759 0.70000E+01
8 30 50 1500.00 1488544338703 1488544338703 1488544338741 0.80000E+01
9 30 50 1500.00 1488544339703 1488544339703 1488544339741 0.90000E+01
