0 0 100 100.00 1488376934558 1488376934558 1488376934637 0.10000E+01
1 30 50 80.00 1488376952043 1488376952043 1488376952074 0.10000E+01
2 30 50 80.00 1488376958331 1488376958331 1488376958347 0.20000E+01
3 30 50 80.00 1488376958550 1488376958550 1488376958565 0.30000E+01
4 30 50 80.00 1488376958690 1488376958690 1488376958722 0.40000E+01
5 30 50 80.00 1488376958912 1488376958912 1488376958943 0.50000E+01
6 30 50 80.00 1488376959053 1488376959053 1488376959084 0.60000E+01
7 30 50 80.00 1488376959209 1488376959209 1488376959240 0.70000E+01
8 30 50 80.00 1488376959365 1488376959365 1488376959396 0.80000E+01
9 30 50 80.00 1488376960059 1488376960059 1488376960091 0.90000E+01
10 30 50 80.00 1488376961052 1488376961052 1488376961083 0.10000E+02
11 30 50 80.00 1488376962069 1488376962069 1488376962100 0.11000E+02
12 30 50 80.00 1488376963053 1488376963053 1488376963084 0.12000E+02
13 30 50 80.00 1488376964070 1488376964070 1488376964101 0.13000E+02
14 30 50 80.00 1488376965059 1488376965059 1488376965091 0.14000E+02
15 30 50 80.00 1488376966044 1488376966044 1488376966075 0.15000E+02
16 30 50 80.00 1488376967060 1488376967060 1488376967091 0.16000E+02
17 30 50 80.00 1488376968060 1488376968060 1488376968091 0.17000E+02
18 30 50 80.00 1488376969060 1488376969060 1488376969091 0.18000E+02
19 30 50 80.00 1488376970066 1488376970066 1488376970097 0.19000E+02
20 30 50 80.00 1488376971071 1488376971071 1488376971102 0.20000E+02
21 30 50 80.00 1488376972062 1488376972062 1488376972093 0.21000E+02
22 30 50 80.00 1488376973071 1488376973071 1488376973102 0.22000E+02
23 30 50 80.00 1488376974061 1488376974061 1488376974092 0.23000E+02
24 30 50 80.00 1488376975061 1488376975061 1488376975077 0.24000E+02
25 30 50 80.00 1488376976062 1488376976062 1488376976093 0.25000E+02
26 30 50 80.00 1488376977052 1488376977052 1488376977146 0.26000E+02
27 30 50 80.00 1488376978062 1488376978062 1488376978093 0.27000E+02
28 30 50 80.00 1488376979062 1488376979062 1488376979093 0.28000E+02
29 30 50 80.00 1488376980062 1488376980062 1488376980094 0.29000E+02
30 30 50 80.00 1488376981063 1488376981063 1488376981094 0.30000E+02
31 30 50 80.00 1488376982064 1488376982064 1488376982095 0.31000E+02
32 30 50 80.00 1488376983055 1488376983055 1488376983086 0.32000E+02
33 30 50 80.00 1488376984049 1488376984049 1488376984080 0.33000E+02
34 30 50 80.00 1488376985065 1488376985065 1488376985096 0.34000E+02
35 30 50 80.00 1488376986060 1488376986060 1488376986091 0.35000E+02
36 30 50 80.00 1488376987051 1488376987051 1488376987082 0.36000E+02
37 30 50 80.00 1488376988051 1488376988051 1488376988083 0.37000E+02
38 30 50 80.00 1488376989051 1488376989051 1488376989098 0.38000E+02
39 30 50 80.00 1488376990051 1488376990051 1488376990083 0.39000E+02
40 30 50 80.00 1488376991052 1488376991052 1488376991083 0.40000E+02
41 30 50 80.00 1488376992052 1488376992052 1488376992083 0.41000E+02
42 30 50 80.00 1488376993052 1488376993052 1488376993083 0.42000E+02
43 30 50 80.00 1488376994058 1488376994058 1488376994089 0.43000E+02
44 30 50 80.00 1488376995067 1488376995067 1488376995099 0.44000E+02
45 30 50 80.00 1488376996052 1488376996052 1488376996083 0.45000E+02
46 30 50 80.00 1488376997052 1488376997052 1488376997068 0.46000E+02
47 30 50 80.00 1488376998068 1488376998068 1488376998100 0.47000E+02
48 30 50 80.00 1488376999059 1488376999059 1488376999091 0.48000E+02
49 30 50 80.00 1488377000060 1488377000060 1488377000091 0.49000E+02
50 30 50 80.00 1488377001060 1488377001060 1488377001091 0.50000E+02
51 30 50 80.00 1488377002060 1488377002060 1488377002092 0.51000E+02
52 30 50 80.00 1488377003060 1488377003060 1488377003092 0.52000E+02
53 30 50 80.00 1488377004045 1488377004045 1488377004092 0.53000E+02
