0 0 100 100.00 1488397072909 1488397072918 1488397072998 0.10000E+01
1 20 50 70.00 1488397092907 1488397092915 1488397093019 0.10000E+01
2 20 50 70.00 1488397097566 1488397097572 1488397097695 0.20000E+01
3 20 50 70.00 1488397097769 1488397097776 1488397097802 0.30000E+01
4 20 50 70.00 1488397097921 1488397097928 1488397097956 0.40000E+01
5 20 50 70.00 1488397098079 1488397098086 1488397098115 0.50000E+01
6 20 50 70.00 1488397098249 1488397098256 1488397098287 0.60000E+01
7 20 50 70.00 1488397098422 1488397098429 1488397098459 0.70000E+01
8 20 50 70.00 1488397098911 1488397098917 1488397098947 0.80000E+01
9 20 50 70.00 1488397099912 1488397099919 1488397099944 0.90000E+01
10 20 50 70.00 1488397100951 1488397100961 1488397100996 0.10000E+02
11 20 50 70.00 1488397101917 1488397101926 1488397101959 0.11000E+02
12 20 50 70.00 1488397102906 1488397102913 1488397102941 0.12000E+02
13 20 50 70.00 1488397103899 1488397103906 1488397103939 0.13000E+02
14 20 50 70.00 1488397104913 1488397104918 1488397104945 0.14000E+02
15 20 50 70.00 1488397105903 1488397105910 1488397105939 0.15000E+02
16 20 50 70.00 1488397106922 1488397106930 1488397106961 0.16000E+02
17 20 50 70.00 1488397107920 1488397107927 1488397107957 0.17000E+02
18 20 50 70.00 1488397108919 1488397108925 1488397108951 0.18000E+02
19 20 50 70.00 1488397109920 1488397109927 1488397109953 0.19000E+02
20 20 50 70.00 1488397110919 1488397110925 1488397110953 0.20000E+02
21 20 50 70.00 1488397111926 1488397111937 1488397111971 0.21000E+02
22 20 50 70.00 1488397112916 1488397112923 1488397112955 0.22000E+02
23 20 50 70.00 1488397113922 1488397113928 1488397113957 0.23000E+02
24 20 50 70.00 1488397114915 1488397114921 1488397114949 0.24000E+02
25 20 50 70.00 1488397115926 1488397115933 1488397115963 0.25000E+02
26 20 50 70.00 1488397116920 1488397116926 1488397116955 0.26000E+02
27 20 50 70.00 1488397117920 1488397117926 1488397117954 0.27000E+02
28 20 50 70.00 1488397118908 1488397118915 1488397118945 0.28000E+02
29 20 50 70.00 1488397119913 1488397119919 1488397119947 0.29000E+02
30 20 50 70.00 1488397120917 1488397120926 1488397120958 0.30000E+02
31 20 50 70.00 1488397121924 1488397121932 1488397121962 0.31000E+02
32 20 50 70.00 1488397122923 1488397122930 1488397122958 0.32000E+02
33 20 50 70.00 1488397123913 1488397123919 1488397123940 0.33000E+02
34 20 50 70.00 1488397124919 1488397124926 1488397124955 0.34000E+02
35 20 50 70.00 1488397125902 1488397125908 1488397125937 0.35000E+02
36 20 50 70.00 1488397126914 1488397126920 1488397126948 0.36000E+02
37 20 50 70.00 1488397127916 1488397127924 1488397127954 0.37000E+02
38 20 50 70.00 1488397128917 1488397128922 1488397128943 0.38000E+02
39 20 50 70.00 1488397129913 1488397129923 1488397129955 0.39000E+02
40 20 50 70.00 1488397130912 1488397130918 1488397130972 0.40000E+02
41 20 50 70.00 1488397131922 1488397131928 1488397132003 0.41000E+02
42 20 50 70.00 1488397132920 1488397132927 1488397132955 0.42000E+02
43 20 50 70.00 1488397133927 1488397133934 1488397133963 0.43000E+02
44 20 50 70.00 1488397134914 1488397134920 1488397134947 0.44000E+02
45 20 50 70.00 1488397135913 1488397135921 1488397135950 0.45000E+02
46 20 50 70.00 1488397136920 1488397136930 1488397136961 0.46000E+02
47 20 50 70.00 1488397137918 1488397137925 1488397137954 0.47000E+02
