0 0 100 100.00 1487937823278 1487937823288 1487937823350 0.10000E+01
1 30 50 80.00 1487937841792 1487937841797 1487937841850 0.10000E+01
2 30 50 80.00 1487937848450 1487937848457 1487937848492 0.20000E+01
3 30 50 80.00 1487937848676 1487937848684 1487937848720 0.30000E+01
4 30 50 80.00 1487937848847 1487937848859 1487937848896 0.40000E+01
5 30 50 80.00 1487937849021 1487937849028 1487937849064 0.50000E+01
6 30 50 80.00 1487937849189 1487937849199 1487937849239 0.60000E+01
7 30 50 80.00 1487937849347 1487937849355 1487937849387 0.70000E+01
8 30 50 80.00 1487937849526 1487937849533 1487937849573 0.80000E+01
9 30 50 80.00 1487937849792 1487937849799 1487937849852 0.90000E+01
10 30 50 80.00 1487937850870 1487937850879 1487937850920 0.10000E+02
11 30 50 80.00 1487937851798 1487937851805 1487937851839 0.11000E+02
12 30 50 80.00 1487937852930 1487937852937 1487937852972 0.12000E+02
13 30 50 80.00 1487937853801 1487937853813 1487937853858 0.13000E+02
