0 0 100 100.00 1488538140460 1488538140466 1488538140607 0.10000E+01
1 30 50 80.00 1488538158299 1488538158305 1488538158330 0.10000E+01
2 30 50 80.00 1488538165271 1488538165280 1488538165318 0.20000E+01
3 30 50 80.00 1488538165503 1488538165510 1488538165541 0.30000E+01
4 30 50 80.00 1488538165650 1488538165656 1488538165690 0.40000E+01
5 30 50 80.00 1488538165805 1488538165811 1488538165841 0.50000E+01
6 30 50 80.00 1488538165964 1488538165970 1488538165997 0.60000E+01
7 30 50 80.00 1488538166100 1488538166106 1488538166135 0.70000E+01
8 30 50 80.00 1488538166236 1488538166242 1488538166273 0.80000E+01
9 30 50 80.00 1488538166408 1488538166426 1488538166465 0.90000E+01
10 30 50 80.00 1488538167298 1488538167306 1488538167337 0.10000E+02
11 30 50 80.00 1488538168299 1488538168305 1488538168336 0.11000E+02
12 30 50 80.00 1488538169300 1488538169307 1488538169339 0.12000E+02
13 30 50 80.00 1488538170298 1488538170304 1488538170335 0.13000E+02
14 30 50 80.00 1488538171300 1488538171306 1488538171338 0.14000E+02
15 30 50 80.00 1488538172299 1488538172306 1488538172342 0.15000E+02
16 30 50 80.00 1488538173300 1488538173306 1488538173336 0.16000E+02
17 30 50 80.00 1488538174299 1488538174305 1488538174334 0.17000E+02
18 30 50 80.00 1488538175322 1488538175329 1488538175364 0.18000E+02
19 30 50 80.00 1488538176323 1488538176332 1488538176370 0.19000E+02
20 30 50 80.00 1488538177299 1488538177305 1488538177376 0.20000E+02
21 30 50 80.00 1488538178299 1488538178305 1488538178336 0.21000E+02
22 30 50 80.00 1488538179299 1488538179305 1488538179343 0.22000E+02
23 30 50 80.00 1488538180299 1488538180306 1488538180337 0.23000E+02
24 30 50 80.00 1488538181300 1488538181306 1488538181331 0.24000E+02
25 30 50 80.00 1488538182299 1488538182306 1488538182337 0.25000E+02
26 30 50 80.00 1488538183300 1488538183306 1488538183337 0.26000E+02
