0 0 100 100.00 1487959810525 1487959810538 1487959810582 0.10000E+01
1 20 50 70.00 1487959835905 1487959835917 1487959835972 0.10000E+01
2 20 50 70.00 1487959838130 1487959838139 1487959838196 0.20000E+01
3 20 50 70.00 1487959838320 1487959838327 1487959838374 0.30000E+01
4 20 50 70.00 1487959838490 1487959838497 1487959838541 0.40000E+01
5 20 50 70.00 1487959838913 1487959838921 1487959838959 0.50000E+01
6 20 50 70.00 1487959839907 1487959839915 1487959839949 0.60000E+01
7 20 50 70.00 1487959840905 1487959840914 1487959840954 0.70000E+01
8 20 50 70.00 1487959841906 1487959841913 1487959841948 0.80000E+01
9 20 50 70.00 1487959842931 1487959842938 1487959842972 0.90000E+01
10 20 50 70.00 1487959843918 1487959843926 1487959843965 0.10000E+02
11 20 50 70.00 1487959844920 1487959844931 1487959844975 0.11000E+02
12 20 50 70.00 1487959845922 1487959845929 1487959845964 0.12000E+02
13 20 50 70.00 1487959846921 1487959846929 1487959846962 0.13000E+02
14 20 50 70.00 1487959847921 1487959847928 1487959847961 0.14000E+02
15 20 50 70.00 1487959848908 1487959848915 1487959848951 0.15000E+02
16 20 50 70.00 1487959849922 1487959849949 1487959849993 0.16000E+02
17 20 50 70.00 1487959850924 1487959850932 1487959850965 0.17000E+02
18 20 50 70.00 1487959851923 1487959851929 1487959851966 0.18000E+02
19 20 50 70.00 1487959852929 1487959852937 1487959852980 0.19000E+02
20 20 50 70.00 1487959853926 1487959853936 1487959853982 0.20000E+02
21 20 50 70.00 1487959854921 1487959854927 1487959854959 0.21000E+02
22 20 50 70.00 1487959855922 1487959855930 1487959855987 0.22000E+02
23 20 50 70.00 1487959856918 1487959856924 1487959856959 0.23000E+02
24 20 50 70.00 1487959857923 1487959857931 1487959857964 0.24000E+02
25 20 50 70.00 1487959858920 1487959858931 1487959858974 0.25000E+02
26 20 50 70.00 1487959859927 1487959859934 1487959859971 0.26000E+02
27 20 50 70.00 1487959860921 1487959860928 1487959860963 0.27000E+02
28 20 50 70.00 1487959861904 1487959861915 1487959861973 0.28000E+02
29 20 50 70.00 1487959862919 1487959862926 1487959862957 0.29000E+02
30 20 50 70.00 1487959863922 1487959863928 1487959863962 0.30000E+02
31 20 50 70.00 1487959864923 1487959864931 1487959864966 0.31000E+02
32 20 50 70.00 1487959865912 1487959865919 1487959865951 0.32000E+02
33 20 50 70.00 1487959866927 1487959866934 1487959866967 0.33000E+02
34 20 50 70.00 1487959867913 1487959867921 1487959867961 0.34000E+02
35 20 50 70.00 1487959868930 1487959868936 1487959868966 0.35000E+02
36 20 50 70.00 1487959870016 1487959870027 1487959870064 0.36000E+02
37 20 50 70.00 1487959870927 1487959870934 1487959870968 0.37000E+02
38 20 50 70.00 1487959871998 1487959872007 1487959872041 0.38000E+02
39 20 50 70.00 1487959873671 1487959873679 1487959873713 0.39000E+02
40 20 50 70.00 1487959874006 1487959874014 1487959874049 0.40000E+02
41 20 50 70.00 1487959874928 1487959874935 1487959874969 0.41000E+02
