0 0 100 100.00 1488477714164 1488477714171 1488477714316 0.10000E+01
1 30 50 80.00 1488477728558 1488477728567 1488477728642 0.10000E+01
2 30 50 80.00 1488477730843 1488477730848 1488477730908 0.20000E+01
3 30 50 80.00 1488477731000 1488477731009 1488477731038 0.30000E+01
4 30 50 80.00 1488477731550 1488477731557 1488477731587 0.40000E+01
5 30 50 80.00 1488477732569 1488477732576 1488477732607 0.50000E+01
6 30 50 80.00 1488477733562 1488477733570 1488477733623 0.60000E+01
7 30 50 80.00 1488477734571 1488477734576 1488477734619 0.70000E+01
8 30 50 80.00 1488477735572 1488477735580 1488477735612 0.80000E+01
9 30 50 80.00 1488477736567 1488477736582 1488477736621 0.90000E+01
10 30 50 80.00 1488477737569 1488477737576 1488477737633 0.10000E+02
