0 0 100 100.00 1488021422228 1488021422228 1488021422322 0.10000E+01
1 30 50 80.00 1488021436168 1488021436168 1488021436215 0.10000E+01
2 30 50 80.00 1488021442236 1488021442236 1488021442310 0.20000E+01
3 30 50 80.00 1488021442467 1488021442467 1488021442489 0.30000E+01
4 30 50 80.00 1488021442632 1488021442632 1488021442663 0.40000E+01
5 30 50 80.00 1488021442773 1488021442780 1488021442805 0.50000E+01
6 30 50 80.00 1488021442915 1488021442915 1488021442977 0.60000E+01
7 30 50 80.00 1488021443149 1488021443149 1488021443180 0.70000E+01
8 30 50 80.00 1488021443290 1488021443290 1488021443368 0.80000E+01
9 30 50 80.00 1488021444196 1488021444196 1488021444243 0.90000E+01
10 30 50 80.00 1488021445180 1488021445180 1488021445227 0.10000E+02
11 30 50 80.00 1488021446187 1488021446187 1488021446234 0.11000E+02
12 30 50 80.00 1488021447184 1488021447184 1488021447215 0.12000E+02
13 30 50 80.00 1488021448177 1488021448177 1488021448208 0.13000E+02
14 30 50 80.00 1488021449195 1488021449195 1488021449226 0.14000E+02
15 30 50 80.00 1488021450183 1488021450183 1488021450230 0.15000E+02
16 30 50 80.00 1488021451191 1488021451191 1488021451222 0.16000E+02
17 30 50 80.00 1488021452195 1488021452195 1488021452227 0.17000E+02
18 30 50 80.00 1488021453175 1488021453175 1488021453206 0.18000E+02
19 30 50 80.00 1488021454168 1488021454168 1488021454200 0.19000E+02
20 30 50 80.00 1488021455184 1488021455184 1488021455216 0.20000E+02
21 30 50 80.00 1488021456176 1488021456176 1488021456238 0.21000E+02
22 30 50 80.00 1488021457168 1488021457168 1488021457200 0.22000E+02
23 30 50 80.00 1488021458181 1488021458181 1488021458228 0.23000E+02
24 30 50 80.00 1488021459176 1488021459176 1488021459207 0.24000E+02
25 30 50 80.00 1488021460184 1488021460184 1488021460216 0.25000E+02
26 30 50 80.00 1488021461174 1488021461174 1488021461206 0.26000E+02
27 30 50 80.00 1488021462183 1488021462183 1488021462214 0.27000E+02
28 30 50 80.00 1488021463179 1488021463179 1488021463210 0.28000E+02
29 30 50 80.00 1488021464179 1488021464179 1488021464225 0.29000E+02
30 30 50 80.00 1488021465169 1488021465171 1488021465202 0.30000E+02
31 30 50 80.00 1488021466183 1488021466183 1488021466214 0.31000E+02
32 30 50 80.00 1488021467189 1488021467189 1488021467252 0.32000E+02
33 30 50 80.00 1488021468180 1488021468180 1488021468227 0.33000E+02
34 30 50 80.00 1488021469168 1488021469168 1488021469199 0.34000E+02
35 30 50 80.00 1488021470180 1488021470180 1488021470227 0.35000E+02
36 30 50 80.00 1488021471168 1488021471168 1488021471215 0.36000E+02
37 30 50 80.00 1488021472189 1488021472189 1488021472236 0.37000E+02
38 30 50 80.00 1488021473181 1488021473181 1488021473213 0.38000E+02
39 30 50 80.00 1488021474184 1488021474184 1488021474216 0.39000E+02
40 30 50 80.00 1488021475190 1488021475190 1488021475221 0.40000E+02
41 30 50 80.00 1488021476185 1488021476185 1488021476216 0.41000E+02
42 30 50 80.00 1488021477194 1488021477194 1488021477257 0.42000E+02
43 30 50 80.00 1488021478168 1488021478168 1488021478200 0.43000E+02
44 30 50 80.00 1488021479182 1488021479182 1488021479213 0.44000E+02
45 30 50 80.00 1488021480185 1488021480185 1488021480216 0.45000E+02
46 30 50 80.00 1488021481178 1488021481178 1488021481225 0.46000E+02
47 30 50 80.00 1488021482178 1488021482178 1488021482210 0.47000E+02
48 30 50 80.00 1488021483183 1488021483183 1488021483214 0.48000E+02
49 30 50 80.00 1488021484183 1488021484183 1488021484289 0.49000E+02
50 30 50 80.00 1488021485183 1488021485183 1488021485214 0.50000E+02
51 30 50 80.00 1488021486173 1488021486173 1488021486204 0.51000E+02
52 30 50 80.00 1488021487185 1488021487185 1488021487216 0.52000E+02
53 30 50 80.00 1488021488192 1488021488192 1488021488223 0.53000E+02
54 30 50 80.00 1488021489182 1488021489182 1488021489214 0.54000E+02
55 30 50 80.00 1488021490184 1488021490184 1488021490231 0.55000E+02
56 30 50 80.00 1488021491174 1488021491174 1488021491221 0.56000E+02
57 30 50 80.00 1488021492187 1488021492187 1488021492218 0.57000E+02
58 30 50 80.00 1488021493179 1488021493179 1488021493210 0.58000E+02
59 30 50 80.00 1488021494179 1488021494179 1488021494211 0.59000E+02
60 30 50 80.00 1488021495198 1488021495198 1488021495214 0.60000E+02
61 30 50 80.00 1488021496183 1488021496183 1488021496214 0.61000E+02
62 30 50 80.00 1488021497173 1488021497173 1488021497205 0.62000E+02
63 30 50 80.00 1488021498163 1488021498168 1488021498199 0.63000E+02
64 30 50 80.00 1488021499190 1488021499190 1488021499221 0.64000E+02
65 30 50 80.00 1488021500183 1488021500190 1488021500212 0.65000E+02
66 30 50 80.00 1488021501183 1488021501183 1488021501215 0.66000E+02
67 30 50 80.00 1488021502173 1488021502173 1488021502205 0.67000E+02
68 30 50 80.00 1488021503184 1488021503184 1488021503215 0.68000E+02
69 30 50 80.00 1488021504184 1488021504184 1488021504218 0.69000E+02
70 30 50 80.00 1488021505175 1488021505175 1488021505206 0.70000E+02
71 30 50 80.00 1488021506184 1488021506184 1488021506215 0.71000E+02
72 30 50 80.00 1488021507184 1488021507184 1488021507215 0.72000E+02
73 30 50 80.00 1488021508184 1488021508184 1488021508206 0.73000E+02
74 30 50 80.00 1488021509189 1488021509189 1488021509220 0.74000E+02
75 30 50 80.00 1488021510198 1488021510198 1488021510213 0.75000E+02
76 30 50 80.00 1488021511179 1488021511179 1488021511210 0.76000E+02
77 30 50 80.00 1488021512179 1488021512179 1488021512226 0.77000E+02
78 30 50 80.00 1488021513183 1488021513183 1488021513214 0.78000E+02
79 30 50 80.00 1488021514184 1488021514184 1488021514231 0.79000E+02
80 30 50 80.00 1488021515182 1488021515182 1488021515228 0.80000E+02
81 30 50 80.00 1488021516181 1488021516188 1488021516204 0.81000E+02
82 30 50 80.00 1488021517192 1488021517192 1488021517208 0.82000E+02
83 30 50 80.00 1488021518184 1488021518184 1488021518216 0.83000E+02
84 30 50 80.00 1488021519193 1488021519193 1488021519242 0.84000E+02
85 30 50 80.00 1488021520192 1488021520192 1488021520254 0.85000E+02
86 30 50 80.00 1488021521182 1488021521182 1488021521214 0.86000E+02
87 30 50 80.00 1488021522184 1488021522184 1488021522215 0.87000E+02
88 30 50 80.00 1488021523185 1488021523185 1488021523216 0.88000E+02
89 30 50 80.00 1488021524164 1488021524165 1488021524197 0.89000E+02
90 30 50 80.00 1488021525187 1488021525187 1488021525219 0.90000E+02
91 30 50 80.00 1488021526193 1488021526199 1488021526217 0.91000E+02
92 30 50 80.00 1488021527210 1488021527210 1488021527241 0.92000E+02
93 30 50 80.00 1488021528183 1488021528183 1488021528214 0.93000E+02
94 30 50 80.00 1488021529183 1488021529192 1488021529237 0.94000E+02
95 30 50 80.00 1488021530231 1488021530231 1488021530278 0.95000E+02
96 30 50 80.00 1488021531184 1488021531184 1488021531215 0.96000E+02
97 30 50 80.00 1488021532190 1488021532190 1488021532237 0.97000E+02
98 30 50 80.00 1488021533191 1488021533191 1488021533253 0.98000E+02
99 30 50 80.00 1488021534184 1488021534184 1488021534231 0.99000E+02
100 30 50 80.00 1488021535185 1488021535192 1488021535297 0.10000E+03
101 30 50 80.00 1488021536185 1488021536185 1488021536232 0.10100E+03
102 30 50 80.00 1488021537193 1488021537193 1488021537271 0.10200E+03
103 30 50 80.00 1488021538181 1488021538181 1488021538212 0.10300E+03
104 30 50 80.00 1488021539182 1488021539182 1488021539228 0.10400E+03
105 30 50 80.00 1488021540182 1488021540182 1488021540213 0.10500E+03
106 30 50 80.00 1488021541185 1488021541185 1488021541216 0.10600E+03
107 30 50 80.00 1488021542182 1488021542182 1488021542214 0.10700E+03
108 30 50 80.00 1488021543182 1488021543182 1488021543244 0.10800E+03
109 30 50 80.00 1488021544189 1488021544190 1488021544237 0.10900E+03
110 30 50 80.00 1488021545169 1488021545169 1488021545200 0.11000E+03
111 30 50 80.00 1488021546178 1488021546178 1488021546225 0.11100E+03
112 30 50 80.00 1488021547181 1488021547181 1488021547228 0.11200E+03
113 30 50 80.00 1488021548182 1488021548182 1488021548214 0.11300E+03
114 30 50 80.00 1488021549182 1488021549182 1488021549260 0.11400E+03
115 30 50 80.00 1488021550183 1488021550183 1488021550214 0.11500E+03
116 30 50 80.00 1488021551159 1488021551166 1488021551189 0.11600E+03
117 30 50 80.00 1488021552184 1488021552184 1488021552262 0.11700E+03
118 30 50 80.00 1488021553184 1488021553184 1488021553215 0.11800E+03
119 30 50 80.00 1488021554184 1488021554184 1488021554200 0.11900E+03
120 30 50 80.00 1488021555175 1488021555184 1488021555215 0.12000E+03
121 30 50 80.00 1488021556190 1488021556190 1488021556237 0.12100E+03
122 30 50 80.00 1488021557184 1488021557184 1488021557216 0.12200E+03
123 30 50 80.00 1488021558185 1488021558185 1488021558216 0.12300E+03
124 30 50 80.00 1488021559176 1488021559176 1488021559208 0.12400E+03
125 30 50 80.00 1488021560196 1488021560196 1488021560227 0.12500E+03
126 30 50 80.00 1488021561168 1488021561168 1488021561198 0.12600E+03
127 30 50 80.00 1488021562183 1488021562183 1488021562215 0.12700E+03
128 30 50 80.00 1488021563184 1488021563184 1488021563219 0.12800E+03
129 30 50 80.00 1488021564184 1488021564184 1488021564215 0.12900E+03
130 30 50 80.00 1488021565184 1488021565184 1488021565215 0.13000E+03
131 30 50 80.00 1488021566184 1488021566184 1488021566215 0.13100E+03
132 30 50 80.00 1488021567184 1488021567184 1488021567216 0.13200E+03
133 30 50 80.00 1488021568184 1488021568184 1488021568215 0.13300E+03
134 30 50 80.00 1488021569185 1488021569185 1488021569216 0.13400E+03
135 30 50 80.00 1488021570185 1488021570185 1488021570216 0.13500E+03
136 30 50 80.00 1488021571188 1488021571191 1488021571222 0.13600E+03
137 30 50 80.00 1488021572197 1488021572197 1488021572228 0.13700E+03
138 30 50 80.00 1488021573187 1488021573187 1488021573395 0.13800E+03
139 30 50 80.00 1488021574184 1488021574184 1488021574231 0.13900E+03
140 30 50 80.00 1488021575184 1488021575184 1488021575246 0.14000E+03
141 30 50 80.00 1488021576169 1488021576169 1488021576200 0.14100E+03
142 30 50 80.00 1488021577169 1488021577169 1488021577200 0.14200E+03
143 30 50 80.00 1488021578185 1488021578185 1488021578221 0.14300E+03
144 30 50 80.00 1488021579181 1488021579181 1488021579243 0.14400E+03
145 30 50 80.00 1488021580173 1488021580174 1488021580221 0.14500E+03
146 30 50 80.00 1488021581177 1488021581180 1488021581227 0.14600E+03
147 30 50 80.00 1488021582196 1488021582196 1488021582227 0.14700E+03
148 30 50 80.00 1488021583184 1488021583185 1488021583216 0.14800E+03
149 30 50 80.00 1488021584187 1488021584187 1488021584218 0.14900E+03
150 30 50 80.00 1488021585179 1488021585179 1488021585210 0.15000E+03
151 30 50 80.00 1488021586179 1488021586187 1488021586214 0.15100E+03
152 30 50 80.00 1488021587180 1488021587180 1488021587199 0.15200E+03
153 30 50 80.00 1488021588189 1488021588197 1488021588214 0.15300E+03
154 30 50 80.00 1488021589179 1488021589179 1488021589199 0.15400E+03
155 30 50 80.00 1488021590190 1488021590198 1488021590214 0.15500E+03
156 30 50 80.00 1488021591190 1488021591198 1488021591230 0.15600E+03
157 30 50 80.00 1488021592183 1488021592183 1488021592214 0.15700E+03
158 30 50 80.00 1488021593183 1488021593183 1488021593216 0.15800E+03
159 30 50 80.00 1488021594169 1488021594169 1488021594200 0.15900E+03
160 30 50 80.00 1488021595190 1488021595190 1488021595222 0.16000E+03
161 30 50 80.00 1488021596176 1488021596176 1488021596207 0.16100E+03
162 30 50 80.00 1488021597184 1488021597184 1488021597216 0.16200E+03
163 30 50 80.00 1488021598184 1488021598184 1488021598216 0.16300E+03
164 30 50 80.00 1488021599188 1488021599188 1488021599220 0.16400E+03
165 30 50 80.00 1488021600169 1488021600169 1488021600200 0.16500E+03
166 30 50 80.00 1488021601191 1488021601191 1488021601222 0.16600E+03
167 30 50 80.00 1488021602194 1488021602194 1488021602229 0.16700E+03
168 30 50 80.00 1488021603183 1488021603183 1488021603214 0.16800E+03
169 30 50 80.00 1488021604183 1488021604183 1488021604214 0.16900E+03
170 30 50 80.00 1488021605173 1488021605173 1488021605205 0.17000E+03
171 30 50 80.00 1488021606183 1488021606183 1488021606214 0.17100E+03
172 30 50 80.00 1488021607183 1488021607183 1488021607214 0.17200E+03
173 30 50 80.00 1488021608183 1488021608183 1488021608215 0.17300E+03
174 30 50 80.00 1488021609183 1488021609183 1488021609215 0.17400E+03
175 30 50 80.00 1488021610184 1488021610184 1488021610215 0.17500E+03
176 30 50 80.00 1488021611175 1488021611175 1488021611207 0.17600E+03
177 30 50 80.00 1488021612195 1488021612195 1488021612226 0.17700E+03
178 30 50 80.00 1488021613179 1488021613179 1488021613210 0.17800E+03
179 30 50 80.00 1488021614188 1488021614188 1488021614204 0.17900E+03
180 30 50 80.00 1488021615187 1488021615187 1488021615220 0.18000E+03
181 30 50 80.00 1488021616183 1488021616183 1488021616214 0.18100E+03
182 30 50 80.00 1488021617168 1488021617168 1488021617199 0.18200E+03
183 30 50 80.00 1488021618176 1488021618176 1488021618207 0.18300E+03
184 30 50 80.00 1488021619176 1488021619176 1488021619207 0.18400E+03
185 30 50 80.00 1488021620180 1488021620180 1488021620211 0.18500E+03
186 30 50 80.00 1488021621184 1488021621184 1488021621215 0.18600E+03
187 30 50 80.00 1488021622184 1488021622184 1488021622215 0.18700E+03
188 30 50 80.00 1488021623190 1488021623190 1488021623221 0.18800E+03
189 30 50 80.00 1488021624189 1488021624189 1488021624220 0.18900E+03
190 30 50 80.00 1488021625187 1488021625187 1488021625218 0.19000E+03
191 30 50 80.00 1488021626186 1488021626186 1488021626217 0.19100E+03
192 30 50 80.00 1488021627182 1488021627182 1488021627214 0.19200E+03
193 30 50 80.00 1488021628187 1488021628187 1488021628219 0.19300E+03
194 30 50 80.00 1488021629183 1488021629183 1488021629198 0.19400E+03
195 30 50 80.00 1488021630188 1488021630188 1488021630220 0.19500E+03
196 30 50 80.00 1488021631179 1488021631179 1488021631210 0.19600E+03
197 30 50 80.00 1488021632199 1488021632199 1488021632230 0.19700E+03
198 30 50 80.00 1488021633184 1488021633184 1488021633215 0.19800E+03
199 30 50 80.00 1488021634184 1488021634184 1488021634215 0.19900E+03
200 30 50 80.00 1488021635176 1488021635176 1488021635207 0.20000E+03
201 30 50 80.00 1488021636184 1488021636184 1488021636215 0.20100E+03
202 30 50 80.00 1488021637174 1488021637174 1488021637205 0.20200E+03
203 30 50 80.00 1488021638184 1488021638184 1488021638215 0.20300E+03
204 30 50 80.00 1488021639178 1488021639178 1488021639209 0.20400E+03
205 30 50 80.00 1488021640180 1488021640180 1488021640212 0.20500E+03
206 30 50 80.00 1488021641179 1488021641179 1488021641210 0.20600E+03
207 30 50 80.00 1488021642173 1488021642173 1488021642204 0.20700E+03
208 30 50 80.00 1488021643188 1488021643188 1488021643220 0.20800E+03
209 30 50 80.00 1488021644180 1488021644180 1488021644211 0.20900E+03
210 30 50 80.00 1488021645184 1488021645188 1488021645204 0.21000E+03
211 30 50 80.00 1488021646184 1488021646184 1488021646216 0.21100E+03
212 30 50 80.00 1488021647175 1488021647175 1488021647206 0.21200E+03
213 30 50 80.00 1488021648195 1488021648195 1488021648226 0.21300E+03
214 30 50 80.00 1488021649179 1488021649179 1488021649210 0.21400E+03
215 30 50 80.00 1488021650180 1488021650180 1488021650195 0.21500E+03
216 30 50 80.00 1488021651184 1488021651184 1488021651215 0.21600E+03
217 30 50 80.00 1488021652181 1488021652181 1488021652212 0.21700E+03
218 30 50 80.00 1488021653177 1488021653177 1488021653209 0.21800E+03
219 30 50 80.00 1488021654177 1488021654177 1488021654208 0.21900E+03
220 30 50 80.00 1488021655174 1488021655177 1488021655208 0.22000E+03
221 30 50 80.00 1488021656197 1488021656200 1488021656216 0.22100E+03
222 30 50 80.00 1488021657175 1488021657175 1488021657206 0.22200E+03
223 30 50 80.00 1488021658189 1488021658189 1488021658236 0.22300E+03
224 30 50 80.00 1488021659177 1488021659177 1488021659208 0.22400E+03
225 30 50 80.00 1488021660188 1488021660188 1488021660219 0.22500E+03
226 30 50 80.00 1488021661180 1488021661180 1488021661258 0.22600E+03
227 30 50 80.00 1488021662188 1488021662188 1488021662251 0.22700E+03
228 30 50 80.00 1488021663184 1488021663185 1488021663216 0.22800E+03
229 30 50 80.00 1488021664174 1488021664174 1488021664205 0.22900E+03
230 30 50 80.00 1488021665183 1488021665188 1488021665211 0.23000E+03
231 30 50 80.00 1488021666183 1488021666183 1488021666215 0.23100E+03
232 30 50 80.00 1488021667183 1488021667183 1488021667215 0.23200E+03
233 30 50 80.00 1488021668183 1488021668183 1488021668215 0.23300E+03
234 30 50 80.00 1488021669183 1488021669183 1488021669214 0.23400E+03
235 30 50 80.00 1488021670183 1488021670183 1488021670214 0.23500E+03
236 30 50 80.00 1488021671183 1488021671183 1488021671214 0.23600E+03
237 30 50 80.00 1488021672184 1488021672184 1488021672215 0.23700E+03
238 30 50 80.00 1488021673180 1488021673180 1488021673211 0.23800E+03
239 30 50 80.00 1488021674195 1488021674195 1488021674226 0.23900E+03
240 30 50 80.00 1488021675180 1488021675180 1488021675214 0.24000E+03
241 30 50 80.00 1488021676188 1488021676188 1488021676219 0.24100E+03
242 30 50 80.00 1488021677184 1488021677184 1488021677215 0.24200E+03
243 30 50 80.00 1488021678176 1488021678176 1488021678208 0.24300E+03
244 30 50 80.00 1488021679192 1488021679208 1488021679255 0.24400E+03
245 30 50 80.00 1488021680185 1488021680185 1488021680216 0.24500E+03
246 30 50 80.00 1488021681163 1488021681169 1488021681185 0.24600E+03
247 30 50 80.00 1488021682189 1488021682189 1488021682220 0.24700E+03
248 30 50 80.00 1488021683183 1488021683190 1488021683196 0.24800E+03
249 30 50 80.00 1488021684171 1488021684177 1488021684203 0.24900E+03
250 30 50 80.00 1488021685172 1488021685179 1488021685197 0.25000E+03
251 30 50 80.00 1488021686182 1488021686182 1488021686213 0.25100E+03
252 30 50 80.00 1488021687162 1488021687167 1488021687182 0.25200E+03
253 30 50 80.00 1488021688182 1488021688182 1488021688213 0.25300E+03
254 30 50 80.00 1488021689182 1488021689182 1488021689213 0.25400E+03
255 30 50 80.00 1488021690183 1488021690183 1488021690198 0.25500E+03
256 30 50 80.00 1488021691178 1488021691185 1488021691227 0.25600E+03
257 30 50 80.00 1488021692173 1488021692173 1488021692204 0.25700E+03
258 30 50 80.00 1488021693183 1488021693183 1488021693215 0.25800E+03
259 30 50 80.00 1488021694168 1488021694168 1488021694199 0.25900E+03
260 30 50 80.00 1488021695184 1488021695184 1488021695217 0.26000E+03
261 30 50 80.00 1488021696184 1488021696184 1488021696216 0.26100E+03
262 30 50 80.00 1488021697184 1488021697184 1488021697230 0.26200E+03
263 30 50 80.00 1488021698184 1488021698191 1488021698212 0.26300E+03
264 30 50 80.00 1488021699183 1488021699184 1488021699200 0.26400E+03
265 30 50 80.00 1488021700175 1488021700182 1488021700200 0.26500E+03
266 30 50 80.00 1488021701189 1488021701189 1488021701220 0.26600E+03
267 30 50 80.00 1488021702183 1488021702183 1488021702215 0.26700E+03
268 30 50 80.00 1488021703190 1488021703190 1488021703211 0.26800E+03
269 30 50 80.00 1488021704190 1488021704196 1488021704221 0.26900E+03
270 30 50 80.00 1488021705177 1488021705177 1488021705193 0.27000E+03
271 30 50 80.00 1488021706182 1488021706182 1488021706213 0.27100E+03
272 30 50 80.00 1488021707182 1488021707182 1488021707217 0.27200E+03
273 30 50 80.00 1488021708183 1488021708183 1488021708215 0.27300E+03
274 30 50 80.00 1488021709184 1488021709184 1488021709221 0.27400E+03
275 30 50 80.00 1488021710184 1488021710184 1488021710216 0.27500E+03
276 30 50 80.00 1488021711182 1488021711182 1488021711215 0.27600E+03
277 30 50 80.00 1488021712182 1488021712182 1488021712213 0.27700E+03
278 30 50 80.00 1488021713183 1488021713183 1488021713214 0.27800E+03
279 30 50 80.00 1488021714183 1488021714183 1488021714214 0.27900E+03
280 30 50 80.00 1488021715183 1488021715183 1488021715214 0.28000E+03
281 30 50 80.00 1488021716184 1488021716184 1488021716215 0.28100E+03
282 30 50 80.00 1488021717184 1488021717184 1488021717220 0.28200E+03
283 30 50 80.00 1488021718183 1488021718183 1488021718214 0.28300E+03
284 30 50 80.00 1488021719183 1488021719183 1488021719214 0.28400E+03
285 30 50 80.00 1488021720187 1488021720187 1488021720218 0.28500E+03
286 30 50 80.00 1488021721184 1488021721184 1488021721230 0.28600E+03
287 30 50 80.00 1488021722184 1488021722184 1488021722215 0.28700E+03
288 30 50 80.00 1488021723184 1488021723184 1488021723215 0.28800E+03
289 30 50 80.00 1488021724169 1488021724169 1488021724216 0.28900E+03
290 30 50 80.00 1488021725181 1488021725181 1488021725213 0.29000E+03
291 30 50 80.00 1488021726186 1488021726186 1488021726217 0.29100E+03
292 30 50 80.00 1488021727182 1488021727182 1488021727214 0.29200E+03
293 30 50 80.00 1488021728182 1488021728182 1488021728198 0.29300E+03
294 30 50 80.00 1488021729183 1488021729183 1488021729214 0.29400E+03
295 30 50 80.00 1488021730183 1488021730183 1488021730214 0.29500E+03
296 30 50 80.00 1488021731184 1488021731184 1488021731215 0.29600E+03
297 30 50 80.00 1488021732182 1488021732182 1488021732214 0.29700E+03
298 30 50 80.00 1488021733182 1488021733182 1488021733213 0.29800E+03
299 30 50 80.00 1488021734183 1488021734183 1488021734214 0.29900E+03
300 30 50 80.00 1488021735183 1488021735183 1488021735199 0.30000E+03
301 40 50 90.00 1488021736173 1488021736173 1488021736204 0.30100E+03
302 40 50 90.00 1488021737183 1488021737183 1488021737218 0.30200E+03
303 40 50 90.00 1488021738183 1488021738183 1488021738214 0.30300E+03
304 40 50 90.00 1488021739183 1488021739199 1488021739249 0.30400E+03
305 40 50 90.00 1488021740186 1488021740186 1488021740217 0.30500E+03
306 40 50 90.00 1488021741182 1488021741182 1488021741229 0.30600E+03
307 40 50 90.00 1488021742183 1488021742183 1488021742214 0.30700E+03
308 40 50 90.00 1488021743180 1488021743180 1488021743212 0.30800E+03
309 40 50 90.00 1488021744188 1488021744188 1488021744222 0.30900E+03
310 40 50 90.00 1488021745185 1488021745185 1488021745216 0.31000E+03
311 40 50 90.00 1488021746182 1488021746182 1488021746213 0.31100E+03
312 40 50 90.00 1488021747182 1488021747182 1488021747214 0.31200E+03
313 40 50 90.00 1488021748189 1488021748189 1488021748205 0.31300E+03
314 40 50 90.00 1488021749184 1488021749184 1488021749215 0.31400E+03
315 40 50 90.00 1488021750166 1488021750175 1488021750190 0.31500E+03
316 40 50 90.00 1488021751226 1488021751273 1488021751508 0.31600E+03
317 40 50 90.00 1488021752179 1488021752210 1488021752242 0.31700E+03
318 40 50 90.00 1488021753183 1488021753183 1488021753215 0.31800E+03
319 40 50 90.00 1488021754181 1488021754183 1488021754214 0.31900E+03
320 40 50 90.00 1488021755177 1488021755183 1488021755199 0.32000E+03
321 40 50 90.00 1488021756180 1488021756183 1488021756199 0.32100E+03
322 40 50 90.00 1488021757184 1488021757184 1488021757216 0.32200E+03
323 40 50 90.00 1488021758184 1488021758185 1488021758221 0.32300E+03
324 40 50 90.00 1488021759182 1488021759182 1488021759213 0.32400E+03
325 40 50 90.00 1488021760194 1488021760198 1488021760214 0.32500E+03
326 40 50 90.00 1488021761183 1488021761183 1488021761215 0.32600E+03
327 40 50 90.00 1488021762184 1488021762184 1488021762215 0.32700E+03
328 40 50 90.00 1488021763181 1488021763181 1488021763212 0.32800E+03
329 40 50 90.00 1488021764185 1488021764192 1488021764212 0.32900E+03
330 40 50 90.00 1488021765182 1488021765182 1488021765213 0.33000E+03
331 40 50 90.00 1488021766188 1488021766188 1488021766229 0.33100E+03
332 40 50 90.00 1488021767182 1488021767182 1488021767276 0.33200E+03
333 40 50 90.00 1488021768179 1488021768179 1488021768242 0.33300E+03
334 40 50 90.00 1488021769186 1488021769186 1488021769202 0.33400E+03
335 40 50 90.00 1488021770192 1488021770192 1488021770230 0.33500E+03
336 40 50 90.00 1488021771179 1488021771179 1488021771210 0.33600E+03
337 40 50 90.00 1488021772183 1488021772183 1488021772214 0.33700E+03
338 40 50 90.00 1488021773184 1488021773184 1488021773215 0.33800E+03
339 40 50 90.00 1488021774184 1488021774184 1488021774216 0.33900E+03
340 40 50 90.00 1488021775191 1488021775191 1488021775222 0.34000E+03
341 40 50 90.00 1488021776175 1488021776175 1488021776207 0.34100E+03
342 40 50 90.00 1488021777183 1488021777183 1488021777198 0.34200E+03
343 40 50 90.00 1488021778183 1488021778183 1488021778214 0.34300E+03
344 40 50 90.00 1488021779183 1488021779183 1488021779215 0.34400E+03
345 40 50 90.00 1488021780180 1488021780180 1488021780211 0.34500E+03
346 40 50 90.00 1488021781184 1488021781184 1488021781215 0.34600E+03
347 40 50 90.00 1488021782184 1488021782184 1488021782215 0.34700E+03
348 40 50 90.00 1488021783184 1488021783184 1488021783216 0.34800E+03
349 40 50 90.00 1488021784175 1488021784175 1488021784192 0.34900E+03
350 40 50 90.00 1488021785182 1488021785182 1488021785213 0.35000E+03
351 40 50 90.00 1488021786183 1488021786183 1488021786215 0.35100E+03
352 40 50 90.00 1488021787190 1488021787190 1488021787221 0.35200E+03
353 40 50 90.00 1488021788172 1488021788172 1488021788196 0.35300E+03
354 40 50 90.00 1488021789180 1488021789180 1488021789212 0.35400E+03
355 40 50 90.00 1488021790188 1488021790188 1488021790219 0.35500E+03
356 40 50 90.00 1488021791184 1488021791184 1488021791216 0.35600E+03
357 40 50 90.00 1488021792188 1488021792188 1488021792219 0.35700E+03
358 40 50 90.00 1488021793181 1488021793181 1488021793212 0.35800E+03
359 40 50 90.00 1488021794178 1488021794178 1488021794209 0.35900E+03
360 40 50 90.00 1488021795182 1488021795197 1488021795213 0.36000E+03
361 40 50 90.00 1488021796182 1488021796185 1488021796219 0.36100E+03
362 40 50 90.00 1488021797183 1488021797183 1488021797214 0.36200E+03
363 40 50 90.00 1488021798175 1488021798175 1488021798206 0.36300E+03
364 40 50 90.00 1488021799191 1488021799191 1488021799222 0.36400E+03
365 40 50 90.00 1488021800191 1488021800191 1488021800222 0.36500E+03
366 40 50 90.00 1488021801183 1488021801183 1488021801214 0.36600E+03
367 40 50 90.00 1488021802182 1488021802182 1488021802214 0.36700E+03
368 40 50 90.00 1488021803191 1488021803191 1488021803222 0.36800E+03
369 40 50 90.00 1488021804172 1488021804172 1488021804203 0.36900E+03
370 40 50 90.00 1488021805183 1488021805183 1488021805214 0.37000E+03
371 40 50 90.00 1488021806173 1488021806173 1488021806204 0.37100E+03
372 40 50 90.00 1488021807183 1488021807183 1488021807198 0.37200E+03
373 40 50 90.00 1488021808185 1488021808185 1488021808218 0.37300E+03
374 40 50 90.00 1488021809180 1488021809180 1488021809211 0.37400E+03
375 40 50 90.00 1488021810184 1488021810184 1488021810215 0.37500E+03
376 40 50 90.00 1488021811189 1488021811189 1488021811222 0.37600E+03
377 40 50 90.00 1488021812162 1488021812168 1488021812183 0.37700E+03
378 40 50 90.00 1488021813174 1488021813180 1488021813197 0.37800E+03
379 40 50 90.00 1488021814184 1488021814184 1488021814216 0.37900E+03
380 40 50 90.00 1488021815184 1488021815184 1488021815216 0.38000E+03
381 40 50 90.00 1488021816185 1488021816191 1488021816206 0.38100E+03
382 40 50 90.00 1488021817173 1488021817173 1488021817204 0.38200E+03
383 40 50 90.00 1488021818179 1488021818179 1488021818210 0.38300E+03
384 40 50 90.00 1488021819179 1488021819179 1488021819210 0.38400E+03
385 40 50 90.00 1488021820183 1488021820183 1488021820214 0.38500E+03
386 40 50 90.00 1488021821183 1488021821183 1488021821214 0.38600E+03
387 40 50 90.00 1488021822183 1488021822183 1488021822199 0.38700E+03
388 40 50 90.00 1488021823183 1488021823183 1488021823214 0.38800E+03
389 40 50 90.00 1488021824184 1488021824184 1488021824215 0.38900E+03
390 40 50 90.00 1488021825183 1488021825183 1488021825215 0.39000E+03
391 40 50 90.00 1488021826177 1488021826177 1488021826208 0.39100E+03
392 40 50 90.00 1488021827177 1488021827177 1488021827208 0.39200E+03
393 40 50 90.00 1488021828181 1488021828181 1488021828197 0.39300E+03
394 40 50 90.00 1488021829184 1488021829184 1488021829199 0.39400E+03
395 40 50 90.00 1488021830184 1488021830184 1488021830215 0.39500E+03
396 40 50 90.00 1488021831184 1488021831184 1488021831216 0.39600E+03
397 40 50 90.00 1488021832185 1488021832185 1488021832216 0.39700E+03
398 40 50 90.00 1488021833182 1488021833182 1488021833213 0.39800E+03
399 40 50 90.00 1488021834181 1488021834181 1488021834213 0.39900E+03
400 40 50 90.00 1488021835185 1488021835185 1488021835216 0.40000E+03
401 40 50 90.00 1488021836180 1488021836180 1488021836212 0.40100E+03
402 40 50 90.00 1488021837179 1488021837179 1488021837211 0.40200E+03
403 40 50 90.00 1488021838175 1488021838175 1488021838206 0.40300E+03
404 40 50 90.00 1488021839182 1488021839182 1488021839213 0.40400E+03
405 40 50 90.00 1488021840182 1488021840182 1488021840213 0.40500E+03
406 40 50 90.00 1488021841189 1488021841189 1488021841220 0.40600E+03
407 40 50 90.00 1488021842182 1488021842182 1488021842229 0.40700E+03
408 40 50 90.00 1488021843182 1488021843182 1488021843214 0.40800E+03
409 40 50 90.00 1488021844180 1488021844180 1488021844196 0.40900E+03
410 40 50 90.00 1488021845183 1488021845183 1488021845214 0.41000E+03
411 40 50 90.00 1488021846190 1488021846190 1488021846221 0.41100E+03
412 40 50 90.00 1488021847183 1488021847183 1488021847214 0.41200E+03
413 40 50 90.00 1488021848183 1488021848183 1488021848215 0.41300E+03
414 40 50 90.00 1488021849184 1488021849184 1488021849215 0.41400E+03
415 40 50 90.00 1488021850191 1488021850191 1488021850222 0.41500E+03
416 40 50 90.00 1488021851184 1488021851184 1488021851231 0.41600E+03
417 40 50 90.00 1488021852181 1488021852181 1488021852213 0.41700E+03
418 40 50 90.00 1488021853184 1488021853184 1488021853215 0.41800E+03
419 40 50 90.00 1488021854184 1488021854184 1488021854216 0.41900E+03
420 40 50 90.00 1488021855185 1488021855185 1488021855212 0.42000E+03
421 40 50 90.00 1488021856179 1488021856179 1488021856210 0.42100E+03
422 40 50 90.00 1488021857183 1488021857183 1488021857214 0.42200E+03
423 40 50 90.00 1488021858186 1488021858186 1488021858217 0.42300E+03
424 40 50 90.00 1488021859183 1488021859183 1488021859199 0.42400E+03
425 40 50 90.00 1488021860184 1488021860184 1488021860231 0.42500E+03
426 40 50 90.00 1488021861184 1488021861187 1488021861218 0.42600E+03
427 40 50 90.00 1488021862175 1488021862175 1488021862206 0.42700E+03
428 40 50 90.00 1488021863184 1488021863184 1488021863205 0.42800E+03
429 40 50 90.00 1488021864185 1488021864185 1488021864216 0.42900E+03
430 40 50 90.00 1488021865173 1488021865173 1488021865189 0.43000E+03
431 40 50 90.00 1488021866181 1488021866181 1488021866212 0.43100E+03
432 40 50 90.00 1488021867181 1488021867181 1488021867214 0.43200E+03
433 40 50 90.00 1488021868189 1488021868189 1488021868222 0.43300E+03
434 40 50 90.00 1488021869191 1488021869191 1488021869239 0.43400E+03
435 40 50 90.00 1488021870172 1488021870176 1488021870191 0.43500E+03
436 40 50 90.00 1488021871211 1488021871211 1488021871242 0.43600E+03
437 40 50 90.00 1488021872198 1488021872205 1488021872226 0.43700E+03
438 40 50 90.00 1488021873184 1488021873184 1488021873199 0.43800E+03
439 40 50 90.00 1488021874184 1488021874184 1488021874215 0.43900E+03
440 40 50 90.00 1488021875184 1488021875184 1488021875215 0.44000E+03
441 40 50 90.00 1488021876559 1488021876559 1488021876591 0.44100E+03
442 40 50 90.00 1488021877184 1488021877184 1488021877231 0.44200E+03
443 40 50 90.00 1488021878184 1488021878184 1488021878215 0.44300E+03
444 40 50 90.00 1488021879184 1488021879184 1488021879215 0.44400E+03
445 40 50 90.00 1488021880184 1488021880184 1488021880200 0.44500E+03
446 40 50 90.00 1488021881206 1488021881206 1488021881238 0.44600E+03
447 40 50 90.00 1488021882189 1488021882189 1488021882220 0.44700E+03
448 40 50 90.00 1488021883184 1488021883184 1488021883216 0.44800E+03
449 40 50 90.00 1488021884184 1488021884184 1488021884215 0.44900E+03
450 40 50 90.00 1488021885185 1488021885185 1488021885216 0.45000E+03
451 40 50 90.00 1488021886189 1488021886189 1488021886220 0.45100E+03
452 40 50 90.00 1488021887182 1488021887182 1488021887197 0.45200E+03
453 40 50 90.00 1488021888199 1488021888199 1488021888324 0.45300E+03
454 40 50 90.00 1488021889789 1488021889792 1488021890248 0.45400E+03
455 40 50 90.00 1488021890824 1488021890824 1488021890934 0.45500E+03
456 40 50 90.00 1488021891262 1488021891262 1488021891293 0.45600E+03
457 40 50 90.00 1488021892173 1488021892173 1488021892205 0.45700E+03
458 40 50 90.00 1488021893184 1488021893184 1488021893215 0.45800E+03
459 40 50 90.00 1488021894178 1488021894178 1488021894209 0.45900E+03
460 40 50 90.00 1488021895197 1488021895197 1488021895229 0.46000E+03
461 40 50 90.00 1488021896182 1488021896182 1488021896213 0.46100E+03
462 40 50 90.00 1488021897182 1488021897182 1488021897213 0.46200E+03
463 40 50 90.00 1488021898183 1488021898183 1488021898229 0.46300E+03
464 40 50 90.00 1488021899183 1488021899183 1488021899214 0.46400E+03
465 40 50 90.00 1488021900183 1488021900183 1488021900215 0.46500E+03
466 40 50 90.00 1488021901183 1488021901183 1488021901246 0.46600E+03
467 40 50 90.00 1488021902184 1488021902184 1488021902215 0.46700E+03
468 40 50 90.00 1488021903184 1488021903184 1488021903215 0.46800E+03
469 40 50 90.00 1488021904184 1488021904184 1488021904215 0.46900E+03
470 40 50 90.00 1488021905184 1488021905184 1488021905215 0.47000E+03
471 40 50 90.00 1488021906184 1488021906184 1488021906216 0.47100E+03
472 40 50 90.00 1488021907181 1488021907181 1488021907212 0.47200E+03
473 40 50 90.00 1488021908184 1488021908184 1488021908216 0.47300E+03
474 40 50 90.00 1488021909184 1488021909184 1488021909216 0.47400E+03
475 40 50 90.00 1488021910184 1488021910184 1488021910216 0.47500E+03
476 40 50 90.00 1488021911188 1488021911188 1488021911219 0.47600E+03
477 40 50 90.00 1488021912179 1488021912179 1488021912210 0.47700E+03
478 40 50 90.00 1488021913183 1488021913183 1488021913214 0.47800E+03
479 40 50 90.00 1488021914183 1488021914183 1488021914230 0.47900E+03
480 40 50 90.00 1488021915183 1488021915183 1488021915214 0.48000E+03
481 40 50 90.00 1488021916183 1488021916183 1488021916214 0.48100E+03
482 40 50 90.00 1488021917184 1488021917184 1488021917215 0.48200E+03
483 40 50 90.00 1488021918183 1488021918183 1488021918215 0.48300E+03
484 40 50 90.00 1488021919168 1488021919173 1488021919188 0.48400E+03
485 40 50 90.00 1488021920189 1488021920205 1488021920236 0.48500E+03
486 40 50 90.00 1488021921174 1488021921174 1488021921206 0.48600E+03
487 40 50 90.00 1488021922178 1488021922178 1488021922210 0.48700E+03
488 40 50 90.00 1488021923194 1488021923194 1488021923225 0.48800E+03
489 40 50 90.00 1488021924182 1488021924182 1488021924214 0.48900E+03
490 40 50 90.00 1488021925184 1488021925184 1488021925215 0.49000E+03
491 40 50 90.00 1488021926184 1488021926184 1488021926215 0.49100E+03
492 40 50 90.00 1488021927188 1488021927188 1488021927221 0.49200E+03
493 40 50 90.00 1488021928184 1488021928184 1488021928216 0.49300E+03
494 40 50 90.00 1488021929185 1488021929185 1488021929216 0.49400E+03
495 40 50 90.00 1488021930173 1488021930173 1488021930204 0.49500E+03
496 40 50 90.00 1488021931177 1488021931177 1488021931193 0.49600E+03
497 40 50 90.00 1488021932184 1488021932184 1488021932216 0.49700E+03
498 40 50 90.00 1488021933189 1488021933189 1488021933220 0.49800E+03
499 40 50 90.00 1488021934180 1488021934180 1488021934211 0.49900E+03
500 40 50 90.00 1488021935183 1488021935183 1488021935215 0.50000E+03
501 40 50 90.00 1488021936176 1488021936183 1488021936199 0.50100E+03
502 40 50 90.00 1488021937183 1488021937183 1488021937215 0.50200E+03
503 40 50 90.00 1488021938184 1488021938184 1488021938213 0.50300E+03
504 40 50 90.00 1488021939181 1488021939181 1488021939218 0.50400E+03
505 40 50 90.00 1488021940181 1488021940181 1488021940213 0.50500E+03
506 40 50 90.00 1488021941182 1488021941182 1488021941214 0.50600E+03
507 40 50 90.00 1488021942185 1488021942185 1488021942216 0.50700E+03
508 40 50 90.00 1488021943189 1488021943189 1488021943220 0.50800E+03
509 40 50 90.00 1488021944182 1488021944182 1488021944213 0.50900E+03
510 40 50 90.00 1488021945182 1488021945182 1488021945214 0.51000E+03
511 40 50 90.00 1488021946183 1488021946183 1488021946216 0.51100E+03
512 40 50 90.00 1488021947183 1488021947183 1488021947308 0.51200E+03
513 40 50 90.00 1488021948183 1488021948183 1488021948214 0.51300E+03
514 40 50 90.00 1488021949185 1488021949185 1488021949216 0.51400E+03
515 40 50 90.00 1488021950169 1488021950169 1488021950200 0.51500E+03
516 40 50 90.00 1488021951185 1488021951194 1488021951216 0.51600E+03
517 40 50 90.00 1488021952181 1488021952181 1488021952212 0.51700E+03
518 40 50 90.00 1488021953197 1488021953197 1488021953228 0.51800E+03
519 40 50 90.00 1488021954197 1488021954197 1488021954243 0.51900E+03
520 40 50 90.00 1488021955181 1488021955181 1488021955259 0.52000E+03
521 40 50 90.00 1488021956182 1488021956182 1488021956213 0.52100E+03
522 40 50 90.00 1488021957184 1488021957200 1488021957262 0.52200E+03
523 40 50 90.00 1488021958184 1488021958184 1488021958215 0.52300E+03
524 40 50 90.00 1488021959184 1488021959184 1488021959216 0.52400E+03
525 40 50 90.00 1488021960184 1488021960184 1488021960215 0.52500E+03
526 40 50 90.00 1488021961184 1488021961184 1488021961200 0.52600E+03
527 40 50 90.00 1488021962184 1488021962184 1488021962216 0.52700E+03
528 40 50 90.00 1488021963185 1488021963185 1488021963216 0.52800E+03
529 40 50 90.00 1488021964177 1488021964177 1488021964208 0.52900E+03
530 40 50 90.00 1488021965196 1488021965196 1488021965228 0.53000E+03
531 40 50 90.00 1488021966180 1488021966180 1488021966212 0.53100E+03
532 40 50 90.00 1488021967196 1488021967196 1488021967227 0.53200E+03
533 40 50 90.00 1488021968160 1488021968166 1488021968182 0.53300E+03
534 40 50 90.00 1488021969174 1488021969174 1488021969205 0.53400E+03
535 40 50 90.00 1488021970181 1488021970181 1488021970212 0.53500E+03
536 40 50 90.00 1488021971172 1488021971178 1488021971197 0.53600E+03
537 40 50 90.00 1488021972179 1488021972184 1488021972200 0.53700E+03
538 40 50 90.00 1488021973165 1488021973174 1488021973200 0.53800E+03
539 40 50 90.00 1488021974191 1488021974191 1488021974222 0.53900E+03
540 40 50 90.00 1488021975175 1488021975175 1488021975210 0.54000E+03
541 40 50 90.00 1488021976180 1488021976180 1488021976198 0.54100E+03
542 40 50 90.00 1488021977175 1488021977175 1488021977200 0.54200E+03
543 40 50 90.00 1488021978184 1488021978193 1488021978216 0.54300E+03
544 40 50 90.00 1488021979179 1488021979179 1488021979200 0.54400E+03
545 40 50 90.00 1488021980192 1488021980192 1488021980241 0.54500E+03
546 40 50 90.00 1488021981182 1488021981182 1488021981213 0.54600E+03
547 40 50 90.00 1488021982188 1488021982188 1488021982213 0.54700E+03
548 40 50 90.00 1488021983182 1488021983182 1488021983213 0.54800E+03
549 40 50 90.00 1488021984182 1488021984182 1488021984198 0.54900E+03
550 40 50 90.00 1488021985189 1488021985189 1488021985213 0.55000E+03
551 40 50 90.00 1488021986183 1488021986183 1488021986214 0.55100E+03
552 40 50 90.00 1488021987190 1488021987190 1488021987214 0.55200E+03
553 40 50 90.00 1488021988181 1488021988181 1488021988214 0.55300E+03
554 40 50 90.00 1488021989183 1488021989183 1488021989215 0.55400E+03
555 40 50 90.00 1488021990181 1488021990181 1488021990230 0.55500E+03
556 40 50 90.00 1488021991184 1488021991184 1488021991218 0.55600E+03
557 40 50 90.00 1488021992181 1488021992181 1488021992215 0.55700E+03
558 40 50 90.00 1488021993185 1488021993185 1488021993215 0.55800E+03
559 40 50 90.00 1488021994183 1488021994183 1488021994215 0.55900E+03
560 40 50 90.00 1488021995199 1488021995199 1488021995231 0.56000E+03
561 40 50 90.00 1488021996190 1488021996190 1488021996216 0.56100E+03
562 40 50 90.00 1488021997190 1488021997190 1488021997215 0.56200E+03
563 40 50 90.00 1488021998191 1488021998191 1488021998215 0.56300E+03
564 40 50 90.00 1488021999169 1488021999169 1488021999185 0.56400E+03
565 40 50 90.00 1488022000193 1488022000193 1488022000208 0.56500E+03
566 40 50 90.00 1488022001184 1488022001184 1488022001216 0.56600E+03
567 40 50 90.00 1488022002172 1488022002172 1488022002204 0.56700E+03
568 40 50 90.00 1488022003183 1488022003183 1488022003215 0.56800E+03
569 40 50 90.00 1488022004188 1488022004190 1488022004221 0.56900E+03
570 40 50 90.00 1488022005184 1488022005184 1488022005216 0.57000E+03
571 40 50 90.00 1488022006184 1488022006184 1488022006216 0.57100E+03
572 40 50 90.00 1488022007187 1488022007191 1488022007206 0.57200E+03
573 40 50 90.00 1488022008191 1488022008191 1488022008222 0.57300E+03
574 40 50 90.00 1488022009188 1488022009188 1488022009219 0.57400E+03
575 40 50 90.00 1488022010188 1488022010188 1488022010220 0.57500E+03
576 40 50 90.00 1488022011192 1488022011192 1488022011224 0.57600E+03
577 40 50 90.00 1488022012184 1488022012184 1488022012216 0.57700E+03
578 40 50 90.00 1488022013185 1488022013185 1488022013216 0.57800E+03
579 40 50 90.00 1488022014179 1488022014179 1488022014226 0.57900E+03
580 40 50 90.00 1488022015190 1488022015190 1488022015221 0.58000E+03
581 40 50 90.00 1488022016183 1488022016183 1488022016199 0.58100E+03
582 40 50 90.00 1488022017184 1488022017184 1488022017215 0.58200E+03
583 40 50 90.00 1488022018184 1488022018184 1488022018215 0.58300E+03
584 40 50 90.00 1488022019184 1488022019184 1488022019215 0.58400E+03
585 40 50 90.00 1488022020184 1488022020184 1488022020215 0.58500E+03
586 40 50 90.00 1488022021193 1488022021193 1488022021225 0.58600E+03
587 40 50 90.00 1488022022189 1488022022189 1488022022222 0.58700E+03
588 40 50 90.00 1488022023184 1488022023184 1488022023215 0.58800E+03
589 40 50 90.00 1488022024191 1488022024191 1488022024222 0.58900E+03
590 40 50 90.00 1488022025183 1488022025183 1488022025214 0.59000E+03
591 40 50 90.00 1488022026192 1488022026192 1488022026224 0.59100E+03
592 40 50 90.00 1488022027184 1488022027184 1488022027215 0.59200E+03
593 40 50 90.00 1488022028184 1488022028184 1488022028215 0.59300E+03
594 40 50 90.00 1488022029169 1488022029169 1488022029215 0.59400E+03
595 40 50 90.00 1488022030184 1488022030184 1488022030200 0.59500E+03
596 40 50 90.00 1488022031174 1488022031174 1488022031205 0.59600E+03
597 40 50 90.00 1488022032190 1488022032190 1488022032221 0.59700E+03
598 40 50 90.00 1488022033197 1488022033197 1488022033228 0.59800E+03
599 40 50 90.00 1488022034182 1488022034182 1488022034217 0.59900E+03
600 40 50 90.00 1488022035187 1488022035187 1488022035218 0.60000E+03
601 40 50 90.00 1488022036179 1488022036179 1488022036194 0.60100E+03
602 40 50 90.00 1488022037182 1488022037182 1488022037213 0.60200E+03
603 40 50 90.00 1488022038182 1488022038182 1488022038229 0.60300E+03
604 40 50 90.00 1488022039179 1488022039179 1488022039210 0.60400E+03
605 40 50 90.00 1488022040192 1488022040192 1488022040223 0.60500E+03
606 40 50 90.00 1488022041183 1488022041183 1488022041214 0.60600E+03
607 40 50 90.00 1488022042171 1488022042171 1488022042202 0.60700E+03
608 40 50 90.00 1488022043172 1488022043172 1488022043187 0.60800E+03
609 40 50 90.00 1488022044174 1488022044174 1488022044205 0.60900E+03
610 40 50 90.00 1488022045183 1488022045183 1488022045214 0.61000E+03
611 40 50 90.00 1488022046184 1488022046184 1488022046528 0.61100E+03
612 40 50 90.00 1488022047177 1488022047177 1488022047209 0.61200E+03
613 40 50 90.00 1488022048187 1488022048187 1488022048219 0.61300E+03
614 40 50 90.00 1488022049184 1488022049184 1488022049215 0.61400E+03
615 40 50 90.00 1488022050183 1488022050183 1488022050215 0.61500E+03
616 40 50 90.00 1488022051184 1488022051184 1488022051215 0.61600E+03
617 40 50 90.00 1488022052190 1488022052190 1488022052222 0.61700E+03
618 40 50 90.00 1488022053184 1488022053184 1488022053216 0.61800E+03
619 40 50 90.00 1488022054182 1488022054182 1488022054213 0.61900E+03
620 40 50 90.00 1488022055187 1488022055187 1488022055219 0.62000E+03
621 40 50 90.00 1488022056184 1488022056184 1488022056216 0.62100E+03
622 40 50 90.00 1488022057181 1488022057181 1488022057212 0.62200E+03
623 40 50 90.00 1488022058169 1488022058180 1488022058200 0.62300E+03
624 40 50 90.00 1488022059182 1488022059189 1488022059207 0.62400E+03
625 40 50 90.00 1488022060182 1488022060182 1488022060210 0.62500E+03
626 40 50 90.00 1488022061182 1488022061182 1488022061214 0.62600E+03
627 40 50 90.00 1488022062183 1488022062183 1488022062214 0.62700E+03
628 40 50 90.00 1488022063183 1488022063183 1488022063214 0.62800E+03
629 40 50 90.00 1488022064183 1488022064183 1488022064215 0.62900E+03
630 40 50 90.00 1488022065184 1488022065184 1488022065199 0.63000E+03
631 40 50 90.00 1488022066184 1488022066184 1488022066215 0.63100E+03
632 40 50 90.00 1488022067184 1488022067184 1488022067216 0.63200E+03
633 40 50 90.00 1488022068184 1488022068184 1488022068218 0.63300E+03
634 40 50 90.00 1488022069176 1488022069176 1488022069207 0.63400E+03
635 40 50 90.00 1488022070183 1488022070183 1488022070215 0.63500E+03
636 40 50 90.00 1488022071184 1488022071184 1488022071216 0.63600E+03
637 40 50 90.00 1488022072185 1488022072185 1488022072201 0.63700E+03
638 40 50 90.00 1488022073173 1488022073173 1488022073204 0.63800E+03
639 40 50 90.00 1488022074179 1488022074179 1488022074210 0.63900E+03
640 40 50 90.00 1488022075182 1488022075182 1488022075214 0.64000E+03
641 40 50 90.00 1488022076182 1488022076182 1488022076213 0.64100E+03
642 40 50 90.00 1488022077183 1488022077183 1488022077214 0.64200E+03
643 40 50 90.00 1488022078183 1488022078183 1488022078198 0.64300E+03
644 40 50 90.00 1488022079182 1488022079182 1488022079214 0.64400E+03
645 40 50 90.00 1488022080183 1488022080183 1488022080214 0.64500E+03
646 40 50 90.00 1488022081184 1488022081184 1488022081215 0.64600E+03
647 40 50 90.00 1488022082184 1488022082184 1488022082215 0.64700E+03
648 40 50 90.00 1488022083185 1488022083185 1488022083216 0.64800E+03
649 40 50 90.00 1488022084168 1488022084168 1488022084200 0.64900E+03
650 40 50 90.00 1488022085177 1488022085177 1488022085208 0.65000E+03
651 40 50 90.00 1488022086178 1488022086178 1488022086209 0.65100E+03
652 40 50 90.00 1488022087182 1488022087182 1488022087213 0.65200E+03
653 40 50 90.00 1488022088183 1488022088183 1488022088214 0.65300E+03
654 40 50 90.00 1488022089183 1488022089183 1488022089214 0.65400E+03
655 40 50 90.00 1488022090183 1488022090183 1488022090214 0.65500E+03
656 40 50 90.00 1488022091183 1488022091183 1488022091214 0.65600E+03
657 40 50 90.00 1488022092184 1488022092184 1488022092215 0.65700E+03
658 40 50 90.00 1488022093184 1488022093184 1488022093199 0.65800E+03
659 40 50 90.00 1488022094177 1488022094177 1488022094209 0.65900E+03
660 40 50 90.00 1488022095184 1488022095184 1488022095216 0.66000E+03
661 40 50 90.00 1488022096173 1488022096173 1488022096205 0.66100E+03
662 40 50 90.00 1488022097189 1488022097189 1488022097220 0.66200E+03
663 40 50 90.00 1488022098191 1488022098193 1488022098224 0.66300E+03
664 40 50 90.00 1488022099181 1488022099181 1488022099212 0.66400E+03
665 40 50 90.00 1488022100184 1488022100184 1488022100216 0.66500E+03
666 40 50 90.00 1488022101184 1488022101184 1488022101200 0.66600E+03
667 40 50 90.00 1488022102175 1488022102181 1488022102212 0.66700E+03
668 40 50 90.00 1488022103181 1488022103181 1488022103228 0.66800E+03
669 40 50 90.00 1488022104184 1488022104184 1488022104216 0.66900E+03
670 40 50 90.00 1488022105181 1488022105185 1488022105200 0.67000E+03
671 40 50 90.00 1488022106195 1488022106195 1488022106226 0.67100E+03
672 40 50 90.00 1488022107183 1488022107183 1488022107215 0.67200E+03
673 40 50 90.00 1488022108171 1488022108171 1488022108200 0.67300E+03
674 40 50 90.00 1488022109184 1488022109184 1488022109216 0.67400E+03
675 40 50 90.00 1488022110175 1488022110175 1488022110201 0.67500E+03
676 40 50 90.00 1488022111192 1488022111192 1488022111207 0.67600E+03
677 40 50 90.00 1488022112176 1488022112176 1488022112223 0.67700E+03
678 40 50 90.00 1488022113184 1488022113184 1488022113215 0.67800E+03
679 40 50 90.00 1488022114171 1488022114172 1488022114205 0.67900E+03
680 40 50 90.00 1488022115184 1488022115184 1488022115216 0.68000E+03
681 40 50 90.00 1488022116168 1488022116168 1488022116200 0.68100E+03
682 40 50 90.00 1488022117184 1488022117184 1488022117215 0.68200E+03
683 40 50 90.00 1488022118180 1488022118180 1488022118212 0.68300E+03
684 40 50 90.00 1488022119173 1488022119173 1488022119191 0.68400E+03
685 40 50 90.00 1488022120181 1488022120181 1488022120212 0.68500E+03
686 40 50 90.00 1488022121188 1488022121188 1488022121219 0.68600E+03
687 40 50 90.00 1488022122190 1488022122190 1488022122221 0.68700E+03
688 40 50 90.00 1488022123174 1488022123174 1488022123206 0.68800E+03
689 40 50 90.00 1488022124182 1488022124182 1488022124198 0.68900E+03
690 40 50 90.00 1488022125196 1488022125196 1488022125227 0.69000E+03
691 40 50 90.00 1488022126189 1488022126189 1488022126221 0.69100E+03
692 40 50 90.00 1488022127189 1488022127189 1488022127220 0.69200E+03
693 40 50 90.00 1488022128182 1488022128182 1488022128214 0.69300E+03
694 40 50 90.00 1488022129182 1488022129182 1488022129214 0.69400E+03
695 40 50 90.00 1488022130164 1488022130171 1488022130202 0.69500E+03
696 40 50 90.00 1488022131183 1488022131183 1488022131214 0.69600E+03
697 40 50 90.00 1488022132196 1488022132196 1488022132227 0.69700E+03
698 40 50 90.00 1488022133183 1488022133183 1488022133199 0.69800E+03
699 40 50 90.00 1488022134188 1488022134188 1488022134219 0.69900E+03
700 40 50 90.00 1488022135185 1488022135185 1488022135216 0.70000E+03
701 40 50 90.00 1488022136182 1488022136182 1488022136213 0.70100E+03
702 40 50 90.00 1488022137191 1488022137191 1488022137222 0.70200E+03
703 40 50 90.00 1488022138180 1488022138180 1488022138212 0.70300E+03
704 40 50 90.00 1488022139181 1488022139181 1488022139212 0.70400E+03
705 40 50 90.00 1488022140177 1488022140177 1488022140224 0.70500E+03
706 40 50 90.00 1488022141173 1488022141173 1488022141204 0.70600E+03
707 40 50 90.00 1488022142181 1488022142181 1488022142213 0.70700E+03
708 40 50 90.00 1488022143179 1488022143179 1488022143210 0.70800E+03
709 40 50 90.00 1488022144182 1488022144182 1488022144213 0.70900E+03
710 40 50 90.00 1488022145194 1488022145194 1488022145225 0.71000E+03
711 40 50 90.00 1488022146195 1488022146195 1488022146226 0.71100E+03
712 40 50 90.00 1488022147177 1488022147177 1488022147208 0.71200E+03
713 40 50 90.00 1488022148187 1488022148187 1488022148218 0.71300E+03
714 40 50 90.00 1488022149183 1488022149183 1488022149221 0.71400E+03
715 40 50 90.00 1488022150189 1488022150189 1488022150205 0.71500E+03
716 40 50 90.00 1488022151180 1488022151180 1488022151212 0.71600E+03
717 40 50 90.00 1488022152178 1488022152178 1488022152209 0.71700E+03
718 40 50 90.00 1488022153184 1488022153184 1488022153215 0.71800E+03
719 40 50 90.00 1488022154184 1488022154184 1488022154215 0.71900E+03
720 40 50 90.00 1488022155168 1488022155168 1488022155200 0.72000E+03
721 40 50 90.00 1488022156190 1488022156190 1488022156222 0.72100E+03
722 40 50 90.00 1488022157192 1488022157192 1488022157223 0.72200E+03
723 40 50 90.00 1488022158188 1488022158188 1488022158220 0.72300E+03
724 40 50 90.00 1488022159168 1488022159168 1488022159200 0.72400E+03
725 40 50 90.00 1488022160180 1488022160180 1488022160211 0.72500E+03
726 40 50 90.00 1488022161184 1488022161184 1488022161215 0.72600E+03
727 40 50 90.00 1488022162182 1488022162182 1488022162213 0.72700E+03
728 40 50 90.00 1488022163190 1488022163190 1488022163221 0.72800E+03
729 40 50 90.00 1488022164185 1488022164185 1488022164216 0.72900E+03
730 40 50 90.00 1488022165193 1488022165193 1488022165224 0.73000E+03
731 40 50 90.00 1488022166179 1488022166179 1488022166194 0.73100E+03
732 40 50 90.00 1488022167173 1488022167173 1488022167204 0.73200E+03
733 40 50 90.00 1488022168182 1488022168182 1488022168216 0.73300E+03
734 40 50 90.00 1488022169186 1488022169186 1488022169217 0.73400E+03
735 40 50 90.00 1488022170175 1488022170175 1488022170206 0.73500E+03
736 40 50 90.00 1488022171175 1488022171175 1488022171206 0.73600E+03
737 40 50 90.00 1488022172180 1488022172180 1488022172211 0.73700E+03
738 40 50 90.00 1488022173190 1488022173190 1488022173221 0.73800E+03
739 40 50 90.00 1488022174183 1488022174183 1488022174215 0.73900E+03
740 40 50 90.00 1488022175183 1488022175183 1488022175214 0.74000E+03
741 40 50 90.00 1488022176188 1488022176188 1488022176267 0.74100E+03
742 40 50 90.00 1488022177180 1488022177180 1488022177211 0.74200E+03
743 40 50 90.00 1488022178181 1488022178181 1488022178212 0.74300E+03
744 40 50 90.00 1488022179189 1488022179189 1488022179204 0.74400E+03
745 40 50 90.00 1488022180188 1488022180188 1488022180219 0.74500E+03
746 40 50 90.00 1488022181176 1488022181176 1488022181207 0.74600E+03
747 40 50 90.00 1488022182181 1488022182181 1488022182212 0.74700E+03
748 40 50 90.00 1488022183185 1488022183185 1488022183216 0.74800E+03
749 40 50 90.00 1488022184185 1488022184192 1488022184213 0.74900E+03
750 40 50 90.00 1488022185185 1488022185185 1488022185217 0.75000E+03
751 40 50 90.00 1488022186174 1488022186174 1488022186205 0.75100E+03
752 40 50 90.00 1488022187172 1488022187172 1488022187203 0.75200E+03
753 40 50 90.00 1488022188181 1488022188181 1488022188212 0.75300E+03
754 40 50 90.00 1488022189185 1488022189185 1488022189216 0.75400E+03
755 40 50 90.00 1488022190168 1488022190168 1488022190200 0.75500E+03
756 40 50 90.00 1488022191188 1488022191188 1488022191219 0.75600E+03
757 40 50 90.00 1488022192182 1488022192183 1488022192199 0.75700E+03
758 40 50 90.00 1488022193199 1488022193199 1488022193230 0.75800E+03
759 40 50 90.00 1488022194190 1488022194190 1488022194221 0.75900E+03
760 40 50 90.00 1488022195184 1488022195184 1488022195215 0.76000E+03
761 40 50 90.00 1488022196185 1488022196185 1488022196216 0.76100E+03
762 40 50 90.00 1488022197175 1488022197175 1488022197206 0.76200E+03
763 40 50 90.00 1488022198175 1488022198175 1488022198206 0.76300E+03
764 40 50 90.00 1488022199182 1488022199182 1488022199214 0.76400E+03
765 40 50 90.00 1488022200174 1488022200180 1488022200195 0.76500E+03
766 40 50 90.00 1488022201191 1488022201191 1488022201222 0.76600E+03
767 40 50 90.00 1488022202184 1488022202184 1488022202216 0.76700E+03
768 40 50 90.00 1488022203184 1488022203184 1488022203216 0.76800E+03
769 40 50 90.00 1488022204169 1488022204169 1488022204200 0.76900E+03
770 40 50 90.00 1488022205178 1488022205178 1488022205193 0.77000E+03
771 40 50 90.00 1488022206178 1488022206178 1488022206209 0.77100E+03
772 40 50 90.00 1488022207175 1488022207175 1488022207206 0.77200E+03
773 40 50 90.00 1488022208184 1488022208184 1488022208216 0.77300E+03
774 40 50 90.00 1488022209184 1488022209184 1488022209215 0.77400E+03
775 40 50 90.00 1488022210191 1488022210191 1488022210222 0.77500E+03
776 40 50 90.00 1488022211190 1488022211190 1488022211224 0.77600E+03
777 40 50 90.00 1488022212185 1488022212185 1488022212216 0.77700E+03
778 40 50 90.00 1488022213192 1488022213192 1488022213224 0.77800E+03
779 40 50 90.00 1488022214182 1488022214182 1488022214213 0.77900E+03
780 40 50 90.00 1488022215182 1488022215182 1488022215214 0.78000E+03
781 40 50 90.00 1488022216161 1488022216167 1488022216185 0.78100E+03
782 40 50 90.00 1488022217189 1488022217193 1488022217209 0.78200E+03
783 40 50 90.00 1488022218183 1488022218183 1488022218215 0.78300E+03
784 40 50 90.00 1488022219183 1488022219183 1488022219199 0.78400E+03
785 40 50 90.00 1488022220184 1488022220184 1488022220215 0.78500E+03
786 40 50 90.00 1488022221183 1488022221183 1488022221215 0.78600E+03
787 40 50 90.00 1488022222184 1488022222184 1488022222215 0.78700E+03
788 40 50 90.00 1488022223174 1488022223174 1488022223205 0.78800E+03
789 40 50 90.00 1488022224178 1488022224181 1488022224212 0.78900E+03
790 40 50 90.00 1488022225184 1488022225184 1488022225216 0.79000E+03
791 40 50 90.00 1488022226184 1488022226184 1488022226215 0.79100E+03
792 40 50 90.00 1488022227184 1488022227184 1488022227215 0.79200E+03
793 40 50 90.00 1488022228169 1488022228169 1488022228200 0.79300E+03
794 40 50 90.00 1488022229175 1488022229175 1488022229206 0.79400E+03
795 40 50 90.00 1488022230175 1488022230175 1488022230206 0.79500E+03
796 40 50 90.00 1488022231184 1488022231184 1488022231216 0.79600E+03
797 40 50 90.00 1488022232178 1488022232178 1488022232210 0.79700E+03
798 40 50 90.00 1488022233183 1488022233189 1488022233205 0.79800E+03
799 40 50 90.00 1488022234198 1488022234198 1488022234229 0.79900E+03
800 40 50 90.00 1488022235175 1488022235181 1488022235199 0.80000E+03
801 40 50 90.00 1488022236184 1488022236184 1488022236215 0.80100E+03
802 40 50 90.00 1488022237184 1488022237184 1488022237215 0.80200E+03
803 40 50 90.00 1488022238184 1488022238184 1488022238215 0.80300E+03
804 40 50 90.00 1488022239181 1488022239181 1488022239219 0.80400E+03
805 40 50 90.00 1488022240177 1488022240177 1488022240196 0.80500E+03
806 40 50 90.00 1488022241181 1488022241195 1488022241213 0.80600E+03
807 40 50 90.00 1488022242181 1488022242181 1488022242213 0.80700E+03
808 40 50 90.00 1488022243197 1488022243197 1488022243229 0.80800E+03
809 40 50 90.00 1488022244181 1488022244181 1488022244213 0.80900E+03
810 40 50 90.00 1488022245189 1488022245189 1488022245210 0.81000E+03
811 40 50 90.00 1488022246182 1488022246182 1488022246204 0.81100E+03
812 40 50 90.00 1488022247182 1488022247182 1488022247213 0.81200E+03
813 40 50 90.00 1488022248173 1488022248176 1488022248207 0.81300E+03
814 40 50 90.00 1488022249178 1488022249178 1488022249193 0.81400E+03
815 40 50 90.00 1488022250168 1488022250168 1488022250200 0.81500E+03
816 40 50 90.00 1488022251184 1488022251184 1488022251220 0.81600E+03
817 40 50 90.00 1488022252169 1488022252176 1488022252198 0.81700E+03
818 40 50 90.00 1488022253169 1488022253169 1488022253200 0.81800E+03
819 40 50 90.00 1488022254184 1488022254184 1488022254216 0.81900E+03
820 40 50 90.00 1488022255175 1488022255175 1488022255206 0.82000E+03
821 40 50 90.00 1488022256182 1488022256182 1488022256214 0.82100E+03
822 40 50 90.00 1488022257183 1488022257189 1488022257214 0.82200E+03
823 40 50 90.00 1488022258183 1488022258183 1488022258214 0.82300E+03
824 40 50 90.00 1488022259187 1488022259187 1488022259221 0.82400E+03
825 40 50 90.00 1488022260179 1488022260179 1488022260210 0.82500E+03
826 40 50 90.00 1488022261182 1488022261182 1488022261213 0.82600E+03
827 40 50 90.00 1488022262198 1488022262198 1488022262229 0.82700E+03
828 40 50 90.00 1488022263183 1488022263183 1488022263214 0.82800E+03
829 40 50 90.00 1488022264195 1488022264195 1488022264227 0.82900E+03
830 40 50 90.00 1488022265183 1488022265183 1488022265214 0.83000E+03
831 40 50 90.00 1488022266183 1488022266183 1488022266215 0.83100E+03
832 40 50 90.00 1488022267199 1488022267199 1488022267230 0.83200E+03
833 40 50 90.00 1488022268183 1488022268183 1488022268215 0.83300E+03
834 40 50 90.00 1488022269184 1488022269184 1488022269215 0.83400E+03
835 40 50 90.00 1488022270184 1488022270184 1488022270215 0.83500E+03
836 40 50 90.00 1488022271194 1488022271194 1488022271209 0.83600E+03
837 40 50 90.00 1488022272182 1488022272184 1488022272215 0.83700E+03
838 40 50 90.00 1488022273184 1488022273184 1488022273216 0.83800E+03
839 40 50 90.00 1488022274181 1488022274181 1488022274212 0.83900E+03
840 40 50 90.00 1488022275169 1488022275173 1488022275196 0.84000E+03
841 40 50 90.00 1488022276184 1488022276184 1488022276215 0.84100E+03
842 40 50 90.00 1488022277183 1488022277183 1488022277214 0.84200E+03
843 40 50 90.00 1488022278184 1488022278184 1488022278215 0.84300E+03
844 40 50 90.00 1488022279190 1488022279195 1488022279215 0.84400E+03
845 40 50 90.00 1488022280190 1488022280196 1488022280215 0.84500E+03
846 40 50 90.00 1488022281184 1488022281184 1488022281216 0.84600E+03
847 40 50 90.00 1488022282177 1488022282177 1488022282208 0.84700E+03
848 40 50 90.00 1488022283194 1488022283194 1488022283213 0.84800E+03
849 40 50 90.00 1488022284184 1488022284184 1488022284215 0.84900E+03
850 40 50 90.00 1488022285185 1488022285185 1488022285216 0.85000E+03
851 40 50 90.00 1488022286181 1488022286181 1488022286219 0.85100E+03
852 40 50 90.00 1488022287194 1488022287194 1488022287225 0.85200E+03
853 40 50 90.00 1488022288182 1488022288182 1488022288213 0.85300E+03
854 40 50 90.00 1488022289180 1488022289180 1488022289212 0.85400E+03
855 40 50 90.00 1488022290190 1488022290190 1488022290222 0.85500E+03
856 40 50 90.00 1488022291171 1488022291171 1488022291203 0.85600E+03
857 40 50 90.00 1488022292178 1488022292178 1488022292209 0.85700E+03
858 40 50 90.00 1488022293182 1488022293182 1488022293213 0.85800E+03
859 40 50 90.00 1488022294184 1488022294184 1488022294218 0.85900E+03
860 40 50 90.00 1488022295169 1488022295169 1488022295200 0.86000E+03
861 40 50 90.00 1488022296182 1488022296182 1488022296213 0.86100E+03
862 40 50 90.00 1488022297178 1488022297178 1488022297210 0.86200E+03
863 40 50 90.00 1488022298188 1488022298188 1488022298219 0.86300E+03
864 40 50 90.00 1488022299189 1488022299189 1488022299220 0.86400E+03
865 40 50 90.00 1488022300192 1488022300192 1488022300224 0.86500E+03
866 40 50 90.00 1488022301188 1488022301188 1488022301203 0.86600E+03
867 40 50 90.00 1488022302197 1488022302197 1488022302229 0.86700E+03
868 40 50 90.00 1488022303189 1488022303189 1488022303220 0.86800E+03
869 40 50 90.00 1488022304172 1488022304172 1488022304204 0.86900E+03
870 40 50 90.00 1488022305183 1488022305183 1488022305230 0.87000E+03
871 40 50 90.00 1488022306183 1488022306183 1488022306214 0.87100E+03
872 40 50 90.00 1488022307189 1488022307189 1488022307220 0.87200E+03
873 40 50 90.00 1488022308187 1488022308187 1488022308218 0.87300E+03
874 40 50 90.00 1488022309181 1488022309181 1488022309214 0.87400E+03
875 40 50 90.00 1488022310183 1488022310183 1488022310215 0.87500E+03
876 40 50 90.00 1488022311181 1488022311181 1488022311212 0.87600E+03
877 40 50 90.00 1488022312188 1488022312188 1488022312219 0.87700E+03
878 40 50 90.00 1488022313178 1488022313178 1488022313210 0.87800E+03
879 40 50 90.00 1488022314179 1488022314179 1488022314226 0.87900E+03
880 40 50 90.00 1488022315187 1488022315187 1488022315220 0.88000E+03
881 40 50 90.00 1488022316182 1488022316182 1488022316198 0.88100E+03
882 40 50 90.00 1488022317174 1488022317174 1488022317221 0.88200E+03
883 40 50 90.00 1488022318183 1488022318183 1488022318214 0.88300E+03
884 40 50 90.00 1488022319175 1488022319175 1488022319206 0.88400E+03
885 40 50 90.00 1488022320181 1488022320181 1488022320212 0.88500E+03
886 40 50 90.00 1488022321183 1488022321183 1488022321215 0.88600E+03
887 40 50 90.00 1488022322183 1488022322183 1488022322214 0.88700E+03
888 40 50 90.00 1488022323187 1488022323190 1488022323221 0.88800E+03
889 40 50 90.00 1488022324184 1488022324184 1488022324215 0.88900E+03
890 40 50 90.00 1488022325184 1488022325184 1488022325215 0.89000E+03
891 40 50 90.00 1488022326173 1488022326173 1488022326204 0.89100E+03
892 40 50 90.00 1488022327181 1488022327181 1488022327212 0.89200E+03
893 40 50 90.00 1488022328181 1488022328181 1488022328212 0.89300E+03
894 40 50 90.00 1488022329193 1488022329193 1488022329225 0.89400E+03
895 40 50 90.00 1488022330181 1488022330181 1488022330213 0.89500E+03
896 40 50 90.00 1488022331181 1488022331181 1488022331212 0.89600E+03
897 40 50 90.00 1488022332182 1488022332182 1488022332229 0.89700E+03
898 40 50 90.00 1488022333183 1488022333183 1488022333214 0.89800E+03
899 40 50 90.00 1488022334182 1488022334182 1488022334213 0.89900E+03
900 40 50 90.00 1488022335176 1488022335184 1488022335204 0.90000E+03
901 40 50 90.00 1488022336188 1488022336188 1488022336220 0.90100E+03
902 40 50 90.00 1488022337183 1488022337183 1488022337214 0.90200E+03
903 40 50 90.00 1488022338174 1488022338174 1488022338205 0.90300E+03
904 40 50 90.00 1488022339196 1488022339196 1488022339212 0.90400E+03
905 40 50 90.00 1488022340196 1488022340196 1488022340227 0.90500E+03
906 40 50 90.00 1488022341189 1488022341189 1488022341221 0.90600E+03
907 40 50 90.00 1488022342179 1488022342179 1488022342210 0.90700E+03
908 40 50 90.00 1488022343182 1488022343182 1488022343213 0.90800E+03
909 40 50 90.00 1488022344183 1488022344183 1488022344214 0.90900E+03
910 40 50 90.00 1488022345189 1488022345189 1488022345220 0.91000E+03
911 40 50 90.00 1488022346189 1488022346189 1488022346205 0.91100E+03
912 40 50 90.00 1488022347182 1488022347182 1488022347214 0.91200E+03
913 40 50 90.00 1488022348189 1488022348189 1488022348220 0.91300E+03
914 40 50 90.00 1488022349196 1488022349196 1488022349227 0.91400E+03
915 40 50 90.00 1488022350183 1488022350183 1488022350214 0.91500E+03
916 40 50 90.00 1488022351183 1488022351183 1488022351215 0.91600E+03
917 40 50 90.00 1488022352184 1488022352184 1488022352215 0.91700E+03
918 40 50 90.00 1488022353190 1488022353190 1488022353221 0.91800E+03
919 40 50 90.00 1488022354184 1488022354184 1488022354200 0.91900E+03
920 40 50 90.00 1488022355182 1488022355190 1488022355207 0.92000E+03
921 40 50 90.00 1488022356181 1488022356181 1488022356213 0.92100E+03
922 40 50 90.00 1488022357184 1488022357184 1488022357216 0.92200E+03
923 40 50 90.00 1488022358188 1488022358188 1488022358219 0.92300E+03
924 40 50 90.00 1488022359173 1488022359179 1488022359195 0.92400E+03
925 40 50 90.00 1488022360195 1488022360195 1488022360231 0.92500E+03
926 40 50 90.00 1488022361182 1488022361182 1488022361213 0.92600E+03
927 40 50 90.00 1488022362182 1488022362182 1488022362213 0.92700E+03
928 40 50 90.00 1488022363182 1488022363182 1488022363213 0.92800E+03
929 40 50 90.00 1488022364176 1488022364176 1488022364207 0.92900E+03
930 40 50 90.00 1488022365195 1488022365195 1488022365227 0.93000E+03
931 40 50 90.00 1488022366181 1488022366181 1488022366213 0.93100E+03
932 40 50 90.00 1488022367180 1488022367180 1488022367212 0.93200E+03
933 40 50 90.00 1488022368185 1488022368185 1488022368216 0.93300E+03
934 40 50 90.00 1488022369173 1488022369173 1488022369204 0.93400E+03
935 40 50 90.00 1488022370178 1488022370178 1488022370194 0.93500E+03
936 40 50 90.00 1488022371182 1488022371182 1488022371213 0.93600E+03
937 40 50 90.00 1488022372182 1488022372182 1488022372214 0.93700E+03
938 40 50 90.00 1488022373183 1488022373183 1488022373214 0.93800E+03
939 40 50 90.00 1488022374189 1488022374189 1488022374220 0.93900E+03
940 40 50 90.00 1488022375180 1488022375180 1488022375211 0.94000E+03
941 40 50 90.00 1488022376183 1488022376183 1488022376214 0.94100E+03
942 40 50 90.00 1488022377183 1488022377183 1488022377214 0.94200E+03
943 40 50 90.00 1488022378198 1488022378198 1488022378230 0.94300E+03
944 40 50 90.00 1488022379184 1488022379184 1488022379215 0.94400E+03
945 40 50 90.00 1488022380175 1488022380175 1488022380206 0.94500E+03
946 40 50 90.00 1488022381183 1488022381183 1488022381215 0.94600E+03
947 40 50 90.00 1488022382171 1488022382171 1488022382202 0.94700E+03
948 40 50 90.00 1488022383175 1488022383175 1488022383206 0.94800E+03
949 40 50 90.00 1488022384194 1488022384194 1488022384225 0.94900E+03
950 40 50 90.00 1488022385189 1488022385189 1488022385220 0.95000E+03
951 40 50 90.00 1488022386183 1488022386183 1488022386199 0.95100E+03
952 40 50 90.00 1488022387183 1488022387183 1488022387215 0.95200E+03
953 40 50 90.00 1488022388190 1488022388190 1488022388221 0.95300E+03
954 40 50 90.00 1488022389183 1488022389183 1488022389215 0.95400E+03
955 40 50 90.00 1488022390184 1488022390184 1488022390215 0.95500E+03
956 40 50 90.00 1488022391188 1488022391204 1488022391251 0.95600E+03
957 40 50 90.00 1488022392181 1488022392181 1488022392212 0.95700E+03
958 40 50 90.00 1488022393174 1488022393174 1488022393205 0.95800E+03
959 40 50 90.00 1488022394196 1488022394196 1488022394227 0.95900E+03
960 40 50 90.00 1488022395184 1488022395184 1488022395215 0.96000E+03
961 40 50 90.00 1488022396190 1488022396190 1488022396221 0.96100E+03
962 40 50 90.00 1488022397169 1488022397169 1488022397247 0.96200E+03
963 40 50 90.00 1488022398184 1488022398184 1488022398216 0.96300E+03
964 40 50 90.00 1488022399197 1488022399197 1488022399228 0.96400E+03
965 40 50 90.00 1488022400175 1488022400175 1488022400207 0.96500E+03
966 40 50 90.00 1488022401176 1488022401176 1488022401208 0.96600E+03
967 40 50 90.00 1488022402180 1488022402180 1488022402195 0.96700E+03
968 40 50 90.00 1488022403183 1488022403183 1488022403199 0.96800E+03
969 40 50 90.00 1488022404174 1488022404174 1488022404190 0.96900E+03
970 40 50 90.00 1488022405184 1488022405184 1488022405199 0.97000E+03
971 40 50 90.00 1488022406180 1488022406180 1488022406196 0.97100E+03
972 40 50 90.00 1488022407172 1488022407172 1488022407172 0.97200E+03
973 40 50 90.00 1488022408184 1488022408184 1488022408200 0.97300E+03
974 40 50 90.00 1488022409185 1488022409185 1488022409342 0.97400E+03
975 40 50 90.00 1488022410179 1488022410179 1488022410226 0.97500E+03
976 40 50 90.00 1488022411161 1488022411165 1488022411462 0.97600E+03
977 40 50 90.00 1488024723228 1488024723244 1488024724353 0.97700E+03
981 40 50 90.00 1488024725106 1488024725106 1488024725496 0.98100E+03
983 40 50 90.00 1488024725996 1488024726012 1488024726465 0.98300E+03
985 40 50 90.00 1488024727179 1488024727182 1488024727196 0.98500E+03
986 40 50 90.00 1488024727604 1488024727610 1488024727628 0.98600E+03
987 40 50 90.00 1488024728057 1488024728062 1488024728077 0.98700E+03
