0 0 100 0.00 1488541851144 1488541851144 1488541851222 0.10000E+01
1 30 50 1500.00 1488541861126 1488541861126 1488541861142 0.10000E+01
2 30 50 1500.00 1488541862752 1488541862752 1488541862767 0.20000E+01
3 30 50 1500.00 1488541863127 1488541863127 1488541863142 0.30000E+01
4 30 50 1500.00 1488541864129 1488541864129 1488541864145 0.40000E+01
5 30 50 1500.00 1488541865128 1488541865128 1488541865143 0.50000E+01
6 30 50 1500.00 1488541866112 1488541866112 1488541866128 0.60000E+01
7 30 50 1500.00 1488541867130 1488541867130 1488541867146 0.70000E+01
8 30 50 1500.00 1488541868128 1488541868128 1488541868144 0.80000E+01
9 30 50 1500.00 1488541869115 1488541869115 1488541869130 0.90000E+01
10 30 50 1500.00 1488541870105 1488541870108 1488541870123 0.10000E+02
11 30 50 1500.00 1488541871132 1488541871132 1488541871148 0.11000E+02
12 30 50 1500.00 1488541872117 1488541872117 1488541872133 0.12000E+02
13 30 50 1500.00 1488541873131 1488541873131 1488541873147 0.13000E+02
14 30 50 1500.00 1488541874131 1488541874131 1488541874147 0.14000E+02
15 30 50 1500.00 1488541875129 1488541875136 1488541875151 0.15000E+02
16 30 50 1500.00 1488541876116 1488541876119 1488541876129 0.16000E+02
17 30 50 1500.00 1488541877116 1488541877116 1488541877132 0.17000E+02
18 30 50 1500.00 1488541878130 1488541878130 1488541878161 0.18000E+02
19 30 50 1500.00 1488541879133 1488541879133 1488541879170 0.19000E+02
20 30 50 1500.00 1488541880130 1488541880130 1488541880161 0.20000E+02
21 30 50 1500.00 1488541881133 1488541881133 1488541881162 0.21000E+02
22 30 50 1500.00 1488541882118 1488541882118 1488541882133 0.22000E+02
23 30 50 1500.00 1488541883118 1488541883118 1488541883133 0.23000E+02
24 30 50 1500.00 1488541884120 1488541884120 1488541884135 0.24000E+02
25 30 50 1500.00 1488541885165 1488541885188 1488541885234 0.25000E+02
26 30 50 1500.00 1488541886136 1488541886136 1488541886167 0.26000E+02
27 30 50 1500.00 1488541887134 1488541887134 1488541887150 0.27000E+02
28 30 50 1500.00 1488541888123 1488541888123 1488541888138 0.28000E+02
29 30 50 1500.00 1488541889121 1488541889121 1488541889136 0.29000E+02
30 30 50 1500.00 1488541890136 1488541890136 1488541890152 0.30000E+02
31 30 50 1500.00 1488541891121 1488541891121 1488541891137 0.31000E+02
32 30 50 1500.00 1488541892121 1488541892121 1488541892137 0.32000E+02
33 30 50 1500.00 1488541893119 1488541893119 1488541893135 0.33000E+02
34 30 50 1500.00 1488541894127 1488541894127 1488541894159 0.34000E+02
35 30 50 1500.00 1488541895122 1488541895122 1488541895153 0.35000E+02
36 30 50 1500.00 1488541896125 1488541896125 1488541896141 0.36000E+02
37 30 50 1500.00 1488541897127 1488541897127 1488541897143 0.37000E+02
38 30 50 1500.00 1488541898113 1488541898113 1488541898129 0.38000E+02
39 30 50 1500.00 1488541899126 1488541899126 1488541899157 0.39000E+02
40 30 50 1500.00 1488541900141 1488541900141 1488541900172 0.40000E+02
41 30 50 1500.00 1488541901124 1488541901124 1488541901139 0.41000E+02
42 30 50 1500.00 1488541902124 1488541902124 1488541902140 0.42000E+02
43 30 50 1500.00 1488541903125 1488541903125 1488541903141 0.43000E+02
44 30 50 1500.00 1488541904127 1488541904127 1488541904143 0.44000E+02
45 30 50 1500.00 1488541905125 1488541905125 1488541905141 0.45000E+02
46 30 50 1500.00 1488541906127 1488541906127 1488541906143 0.46000E+02
47 30 50 1500.00 1488541907123 1488541907123 1488541907139 0.47000E+02
48 30 50 1500.00 1488541908125 1488541908125 1488541908157 0.48000E+02
49 30 50 1500.00 1488541909128 1488541909128 1488541909159 0.49000E+02
50 30 50 1500.00 1488541910130 1488541910130 1488541910162 0.50000E+02
51 30 50 1500.00 1488541911126 1488541911126 1488541911142 0.51000E+02
52 30 50 1500.00 1488541912113 1488541912113 1488541912129 0.52000E+02
53 30 50 1500.00 1488541913113 1488541913113 1488541913129 0.53000E+02
54 30 50 1500.00 1488541914116 1488541914116 1488541914163 0.54000E+02
55 30 50 1500.00 1488541915130 1488541915130 1488541915161 0.55000E+02
56 30 50 1500.00 1488541916132 1488541916132 1488541916163 0.56000E+02
57 30 50 1500.00 1488541917129 1488541917129 1488541917144 0.57000E+02
58 30 50 1500.00 1488541918131 1488541918131 1488541918162 0.58000E+02
59 30 50 1500.00 1488541919133 1488541919133 1488541919164 0.59000E+02
60 30 50 1500.00 1488541920116 1488541920116 1488541920147 0.60000E+02
61 30 50 1500.00 1488541921130 1488541921130 1488541921162 0.61000E+02
62 30 50 1500.00 1488541922135 1488541922135 1488541922166 0.62000E+02
63 30 50 1500.00 1488541923130 1488541923130 1488541923161 0.63000E+02
64 30 50 1500.00 1488541924133 1488541924133 1488541924164 0.64000E+02
65 30 50 1500.00 1488541925133 1488541925133 1488541925164 0.65000E+02
66 30 50 1500.00 1488541926117 1488541926117 1488541926149 0.66000E+02
67 30 50 1500.00 1488541927120 1488541927120 1488541927151 0.67000E+02
68 30 50 1500.00 1488541928117 1488541928117 1488541928149 0.68000E+02
69 30 50 1500.00 1488541929132 1488541929132 1488541929163 0.69000E+02
70 30 50 1500.00 1488541930134 1488541930134 1488541930166 0.70000E+02
71 30 50 1500.00 1488541931132 1488541931132 1488541931163 0.71000E+02
72 30 50 1500.00 1488541932133 1488541932133 1488541932164 0.72000E+02
73 30 50 1500.00 1488541933118 1488541933118 1488541933149 0.73000E+02
74 30 50 1500.00 1488541934121 1488541934121 1488541934152 0.74000E+02
75 30 50 1500.00 1488541935119 1488541935119 1488541935151 0.75000E+02
76 30 50 1500.00 1488541936135 1488541936135 1488541936166 0.76000E+02
77 30 50 1500.00 1488541937126 1488541937126 1488541937157 0.77000E+02
78 30 50 1500.00 1488541938137 1488541938137 1488541938168 0.78000E+02
79 30 50 1500.00 1488541939137 1488541939137 1488541939168 0.79000E+02
80 30 50 1500.00 1488541940120 1488541940120 1488541940151 0.80000E+02
81 30 50 1500.00 1488541941123 1488541941123 1488541941154 0.81000E+02
82 30 50 1500.00 1488541942123 1488541942123 1488541942138 0.82000E+02
83 30 50 1500.00 1488541943122 1488541943122 1488541943137 0.83000E+02
84 30 50 1500.00 1488541944128 1488541944128 1488541944159 0.84000E+02
85 30 50 1500.00 1488541945121 1488541945121 1488541945153 0.85000E+02
86 30 50 1500.00 1488541946122 1488541946122 1488541946153 0.86000E+02
87 30 50 1500.00 1488541947125 1488541947125 1488541947156 0.87000E+02
88 30 50 1500.00 1488541948125 1488541948125 1488541948156 0.88000E+02
89 30 50 1500.00 1488541949126 1488541949126 1488541949158 0.89000E+02
90 30 50 1500.00 1488541950127 1488541950127 1488541950158 0.90000E+02
91 30 50 1500.00 1488541951125 1488541951125 1488541951156 0.91000E+02
92 30 50 1500.00 1488541952127 1488541952127 1488541952158 0.92000E+02
93 30 50 1500.00 1488541953126 1488541953126 1488541953157 0.93000E+02
94 30 50 1500.00 1488541954127 1488541954127 1488541954158 0.94000E+02
95 30 50 1500.00 1488541955129 1488541955129 1488541955160 0.95000E+02
96 30 50 1500.00 1488541956127 1488541956127 1488541956158 0.96000E+02
97 30 50 1500.00 1488541957127 1488541957127 1488541957159 0.97000E+02
98 30 50 1500.00 1488541958128 1488541958128 1488541958159 0.98000E+02
99 30 50 1500.00 1488541959130 1488541959130 1488541959161 0.99000E+02
100 30 50 1500.00 1488541960130 1488541960130 1488541960161 0.10000E+03
101 30 50 1500.00 1488541961129 1488541961129 1488541961160 0.10100E+03
102 30 50 1500.00 1488541962116 1488541962116 1488541962147 0.10200E+03
103 30 50 1500.00 1488541963116 1488541963116 1488541963163 0.10300E+03
104 30 50 1500.00 1488541964145 1488541964145 1488541964176 0.10400E+03
105 30 50 1500.00 1488541965130 1488541965130 1488541965161 0.10500E+03
106 30 50 1500.00 1488541966130 1488541966130 1488541966162 0.10600E+03
107 30 50 1500.00 1488541967118 1488541967118 1488541967150 0.10700E+03
108 30 50 1500.00 1488541968133 1488541968133 1488541968164 0.10800E+03
109 30 50 1500.00 1488541969117 1488541969117 1488541969149 0.10900E+03
110 30 50 1500.00 1488541970114 1488541970114 1488541970145 0.11000E+03
111 30 50 1500.00 1488541971134 1488541971134 1488541971181 0.11100E+03
112 30 50 1500.00 1488541972118 1488541972118 1488541972150 0.11200E+03
113 30 50 1500.00 1488541973134 1488541973134 1488541973165 0.11300E+03
114 30 50 1500.00 1488541974134 1488541974134 1488541974166 0.11400E+03
115 30 50 1500.00 1488541975134 1488541975134 1488541975166 0.11500E+03
116 30 50 1500.00 1488541976137 1488541976137 1488541976168 0.11600E+03
117 30 50 1500.00 1488541977119 1488541977119 1488541977150 0.11700E+03
118 30 50 1500.00 1488541978118 1488541978119 1488541978150 0.11800E+03
119 30 50 1500.00 1488541979122 1488541979122 1488541979153 0.11900E+03
120 30 50 1500.00 1488541980136 1488541980136 1488541980152 0.12000E+03
121 30 50 1500.00 1488541981122 1488541981122 1488541981153 0.12100E+03
122 30 50 1500.00 1488541982118 1488541982118 1488541982149 0.12200E+03
123 30 50 1500.00 1488541983136 1488541983136 1488541983167 0.12300E+03
124 30 50 1500.00 1488541984120 1488541984120 1488541984152 0.12400E+03
125 30 50 1500.00 1488541985124 1488541985124 1488541985155 0.12500E+03
126 30 50 1500.00 1488541986138 1488541986138 1488541986169 0.12600E+03
127 30 50 1500.00 1488541987122 1488541987122 1488541987154 0.12700E+03
128 30 50 1500.00 1488541988121 1488541988121 1488541988153 0.12800E+03
129 30 50 1500.00 1488541989127 1488541989127 1488541989158 0.12900E+03
130 30 50 1500.00 1488541990123 1488541990123 1488541990154 0.13000E+03
131 30 50 1500.00 1488541991123 1488541991123 1488541991139 0.13100E+03
132 30 50 1500.00 1488541992126 1488541992126 1488541992142 0.13200E+03
133 30 50 1500.00 1488541993125 1488541993125 1488541993156 0.13300E+03
134 30 50 1500.00 1488541994115 1488541994115 1488541994147 0.13400E+03
135 30 50 1500.00 1488541995127 1488541995127 1488541995158 0.13500E+03
136 30 50 1500.00 1488541996127 1488541996127 1488541996159 0.13600E+03
137 30 50 1500.00 1488541997126 1488541997126 1488541997157 0.13700E+03
138 30 50 1500.00 1488541998114 1488541998114 1488541998145 0.13800E+03
139 30 50 1500.00 1488541999125 1488541999125 1488541999156 0.13900E+03
140 30 50 1500.00 1488542000125 1488542000125 1488542000172 0.14000E+03
141 30 50 1500.00 1488542001128 1488542001128 1488542001159 0.14100E+03
142 30 50 1500.00 1488542002127 1488542002127 1488542002158 0.14200E+03
143 30 50 1500.00 1488542003130 1488542003130 1488542003145 0.14300E+03
144 30 50 1500.00 1488542004114 1488542004114 1488542004145 0.14400E+03
145 30 50 1500.00 1488542005129 1488542005129 1488542005160 0.14500E+03
146 30 50 1500.00 1488542006131 1488542006131 1488542006162 0.14600E+03
147 30 50 1500.00 1488542007121 1488542007121 1488542007152 0.14700E+03
148 30 50 1500.00 1488542008130 1488542008130 1488542008161 0.14800E+03
149 30 50 1500.00 1488542009132 1488542009132 1488542009164 0.14900E+03
150 30 50 1500.00 1488542010131 1488542010131 1488542010162 0.15000E+03
151 30 50 1500.00 1488542011135 1488542011135 1488542011166 0.15100E+03
152 30 50 1500.00 1488542012129 1488542012129 1488542012161 0.15200E+03
153 30 50 1500.00 1488542013133 1488542013133 1488542013164 0.15300E+03
154 30 50 1500.00 1488542014132 1488542014132 1488542014163 0.15400E+03
155 30 50 1500.00 1488542015125 1488542015125 1488542015156 0.15500E+03
156 30 50 1500.00 1488542016117 1488542016117 1488542016148 0.15600E+03
157 30 50 1500.00 1488542017132 1488542017132 1488542017164 0.15700E+03
158 30 50 1500.00 1488542018116 1488542018116 1488542018147 0.15800E+03
159 30 50 1500.00 1488542019119 1488542019119 1488542019150 0.15900E+03
160 30 50 1500.00 1488542020134 1488542020134 1488542020166 0.16000E+03
161 30 50 1500.00 1488542021119 1488542021119 1488542021150 0.16100E+03
162 30 50 1500.00 1488542022128 1488542022128 1488542022160 0.16200E+03
163 30 50 1500.00 1488542023138 1488542023138 1488542023169 0.16300E+03
164 30 50 1500.00 1488542024138 1488542024138 1488542024169 0.16400E+03
165 30 50 1500.00 1488542025122 1488542025122 1488542025169 0.16500E+03
166 30 50 1500.00 1488542026121 1488542026121 1488542026152 0.16600E+03
167 30 50 1500.00 1488542027133 1488542027133 1488542027164 0.16700E+03
168 30 50 1500.00 1488542028120 1488542028120 1488542028151 0.16800E+03
169 30 50 1500.00 1488542029120 1488542029120 1488542029151 0.16900E+03
170 30 50 1500.00 1488542030135 1488542030135 1488542030166 0.17000E+03
171 30 50 1500.00 1488542031123 1488542031123 1488542031154 0.17100E+03
172 30 50 1500.00 1488542032127 1488542032127 1488542032159 0.17200E+03
173 30 50 1500.00 1488542033130 1488542033130 1488542033162 0.17300E+03
174 30 50 1500.00 1488542034141 1488542034141 1488542034172 0.17400E+03
175 30 50 1500.00 1488542035131 1488542035162 1488542035193 0.17500E+03
176 30 50 1500.00 1488542036122 1488542036122 1488542036154 0.17600E+03
177 30 50 1500.00 1488542037131 1488542037131 1488542037162 0.17700E+03
178 30 50 1500.00 1488542038126 1488542038126 1488542038158 0.17800E+03
179 30 50 1500.00 1488542039174 1488542039174 1488542039205 0.17900E+03
180 30 50 1500.00 1488542040126 1488542040126 1488542040157 0.18000E+03
181 30 50 1500.00 1488542041126 1488542041126 1488542041158 0.18100E+03
182 30 50 1500.00 1488542042126 1488542042126 1488542042158 0.18200E+03
183 30 50 1500.00 1488542043117 1488542043117 1488542043148 0.18300E+03
184 30 50 1500.00 1488542044127 1488542044127 1488542044158 0.18400E+03
185 30 50 1500.00 1488542045127 1488542045127 1488542045159 0.18500E+03
186 30 50 1500.00 1488542046126 1488542046126 1488542046158 0.18600E+03
187 30 50 1500.00 1488542047129 1488542047129 1488542047160 0.18700E+03
188 30 50 1500.00 1488542048118 1488542048118 1488542048150 0.18800E+03
189 30 50 1500.00 1488542049130 1488542049130 1488542049161 0.18900E+03
190 30 50 1500.00 1488542050114 1488542050114 1488542050145 0.19000E+03
191 30 50 1500.00 1488542051132 1488542051132 1488542051163 0.19100E+03
192 30 50 1500.00 1488542052112 1488542052112 1488542052144 0.19200E+03
193 30 50 1500.00 1488542053137 1488542053137 1488542053168 0.19300E+03
194 30 50 1500.00 1488542054129 1488542054129 1488542054160 0.19400E+03
195 30 50 1500.00 1488542055115 1488542055115 1488542055146 0.19500E+03
196 30 50 1500.00 1488542056116 1488542056116 1488542056147 0.19600E+03
197 30 50 1500.00 1488542057118 1488542057165 1488542057197 0.19700E+03
198 30 50 1500.00 1488542058117 1488542058117 1488542058148 0.19800E+03
199 30 50 1500.00 1488542059130 1488542059130 1488542059162 0.19900E+03
200 30 50 1500.00 1488542060131 1488542060131 1488542060146 0.20000E+03
201 30 50 1500.00 1488542061133 1488542061133 1488542061149 0.20100E+03
202 30 50 1500.00 1488542062135 1488542062135 1488542062151 0.20200E+03
203 30 50 1500.00 1488542063133 1488542063133 1488542063149 0.20300E+03
204 30 50 1500.00 1488542064134 1488542064134 1488542064149 0.20400E+03
205 30 50 1500.00 1488542065131 1488542065131 1488542065162 0.20500E+03
206 30 50 1500.00 1488542066134 1488542066134 1488542066165 0.20600E+03
207 30 50 1500.00 1488542067140 1488542067140 1488542067171 0.20700E+03
208 30 50 1500.00 1488542068137 1488542068137 1488542068168 0.20800E+03
209 30 50 1500.00 1488542069119 1488542069119 1488542069150 0.20900E+03
210 30 50 1500.00 1488542070122 1488542070122 1488542070153 0.21000E+03
211 30 50 1500.00 1488542071126 1488542071142 1488542071189 0.21100E+03
212 30 50 1500.00 1488542072121 1488542072121 1488542072746 0.21200E+03
213 30 50 1500.00 1488542073121 1488542073121 1488542073152 0.21300E+03
214 30 50 1500.00 1488542074127 1488542074127 1488542074159 0.21400E+03
215 30 50 1500.00 1488542075128 1488542075128 1488542075159 0.21500E+03
216 30 50 1500.00 1488542076169 1488542076169 1488542076201 0.21600E+03
217 30 50 1500.00 1488542077131 1488542077131 1488542077162 0.21700E+03
218 30 50 1500.00 1488542078128 1488542078128 1488542078159 0.21800E+03
219 30 50 1500.00 1488542079131 1488542079131 1488542079162 0.21900E+03
220 30 50 1500.00 1488542080141 1488542080141 1488542080172 0.22000E+03
221 30 50 1500.00 1488542081125 1488542081125 1488542081156 0.22100E+03
222 30 50 1500.00 1488542082129 1488542082129 1488542082160 0.22200E+03
223 30 50 1500.00 1488542083129 1488542083129 1488542083160 0.22300E+03
224 30 50 1500.00 1488542084139 1488542084139 1488542084186 0.22400E+03
225 30 50 1500.00 1488542085127 1488542085127 1488542085158 0.22500E+03
226 30 50 1500.00 1488542086112 1488542086112 1488542086143 0.22600E+03
227 30 50 1500.00 1488542087132 1488542087132 1488542087164 0.22700E+03
228 30 50 1500.00 1488542089735 1488542089735 1488542089766 0.22800E+03
229 30 50 1500.00 1488542090110 1488542090110 1488542090141 0.22900E+03
230 30 50 1500.00 1488542090438 1488542090438 1488542090469 0.23000E+03
231 30 50 1500.00 1488542091128 1488542091128 1488542091159 0.23100E+03
232 30 50 1500.00 1488542092117 1488542092117 1488542092164 0.23200E+03
233 30 50 1500.00 1488542093133 1488542093133 1488542093164 0.23300E+03
234 30 50 1500.00 1488542094127 1488542094127 1488542094158 0.23400E+03
235 30 50 1500.00 1488542095127 1488542095127 1488542095158 0.23500E+03
236 30 50 1500.00 1488542096115 1488542096115 1488542096146 0.23600E+03
237 30 50 1500.00 1488542097120 1488542097120 1488542097151 0.23700E+03
238 30 50 1500.00 1488542098104 1488542098111 1488542098136 0.23800E+03
239 30 50 1500.00 1488542099129 1488542099129 1488542099160 0.23900E+03
240 30 50 1500.00 1488542100130 1488542100130 1488542100161 0.24000E+03
241 30 50 1500.00 1488542101133 1488542101133 1488542101164 0.24100E+03
242 30 50 1500.00 1488542102138 1488542102138 1488542102169 0.24200E+03
243 30 50 1500.00 1488542103114 1488542103121 1488542103136 0.24300E+03
244 30 50 1500.00 1488542104130 1488542104130 1488542104161 0.24400E+03
245 30 50 1500.00 1488542105108 1488542105114 1488542105145 0.24500E+03
246 30 50 1500.00 1488542106132 1488542106132 1488542106163 0.24600E+03
247 30 50 1500.00 1488542107119 1488542107119 1488542107150 0.24700E+03
248 30 50 1500.00 1488542108134 1488542108134 1488542108166 0.24800E+03
249 30 50 1500.00 1488542109118 1488542109118 1488542109140 0.24900E+03
250 30 50 1500.00 1488542110117 1488542110117 1488542110149 0.25000E+03
251 30 50 1500.00 1488542111123 1488542111130 1488542111149 0.25100E+03
252 30 50 1500.00 1488542112123 1488542112123 1488542112139 0.25200E+03
253 30 50 1500.00 1488542113119 1488542113119 1488542113150 0.25300E+03
254 30 50 1500.00 1488542114134 1488542114134 1488542114172 0.25400E+03
255 30 50 1500.00 1488542115133 1488542115133 1488542115164 0.25500E+03
256 30 50 1500.00 1488542116120 1488542116120 1488542116164 0.25600E+03
257 30 50 1500.00 1488542117136 1488542117136 1488542117167 0.25700E+03
258 30 50 1500.00 1488542118126 1488542118126 1488542118158 0.25800E+03
259 30 50 1500.00 1488542119122 1488542119122 1488542119153 0.25900E+03
260 30 50 1500.00 1488542120121 1488542120121 1488542120137 0.26000E+03
261 30 50 1500.00 1488542121122 1488542121122 1488542121153 0.26100E+03
262 30 50 1500.00 1488542122136 1488542122136 1488542122173 0.26200E+03
263 30 50 1500.00 1488542123121 1488542123121 1488542123152 0.26300E+03
264 30 50 1500.00 1488542124124 1488542124124 1488542124155 0.26400E+03
265 30 50 1500.00 1488542125128 1488542125128 1488542125159 0.26500E+03
266 30 50 1500.00 1488542126124 1488542126124 1488542126155 0.26600E+03
267 30 50 1500.00 1488542127139 1488542127139 1488542127170 0.26700E+03
268 30 50 1500.00 1488542128122 1488542128122 1488542128153 0.26800E+03
269 30 50 1500.00 1488542129123 1488542129123 1488542129170 0.26900E+03
270 30 50 1500.00 1488542130133 1488542130133 1488542130164 0.27000E+03
271 30 50 1500.00 1488542131127 1488542131127 1488542131158 0.27100E+03
272 30 50 1500.00 1488542132125 1488542132125 1488542132156 0.27200E+03
273 30 50 1500.00 1488542133125 1488542133125 1488542133157 0.27300E+03
274 30 50 1500.00 1488542134130 1488542134130 1488542134161 0.27400E+03
275 30 50 1500.00 1488542135140 1488542135140 1488542135171 0.27500E+03
276 30 50 1500.00 1488542136126 1488542136126 1488542136157 0.27600E+03
277 30 50 1500.00 1488542137127 1488542137127 1488542137158 0.27700E+03
278 30 50 1500.00 1488542138127 1488542138127 1488542138143 0.27800E+03
279 30 50 1500.00 1488542139121 1488542139121 1488542139152 0.27900E+03
280 30 50 1500.00 1488542140114 1488542140114 1488542140145 0.28000E+03
281 30 50 1500.00 1488542141130 1488542141130 1488542141161 0.28100E+03
282 30 50 1500.00 1488542142130 1488542142130 1488542142161 0.28200E+03
283 30 50 1500.00 1488542143132 1488542143132 1488542143163 0.28300E+03
284 30 50 1500.00 1488542144137 1488542144137 1488542144168 0.28400E+03
285 30 50 1500.00 1488542145131 1488542145131 1488542145162 0.28500E+03
286 30 50 1500.00 1488542146131 1488542146131 1488542146147 0.28600E+03
287 30 50 1500.00 1488542147131 1488542147131 1488542147146 0.28700E+03
288 30 50 1500.00 1488542148129 1488542148129 1488542148161 0.28800E+03
289 30 50 1500.00 1488542149132 1488542149132 1488542149164 0.28900E+03
290 30 50 1500.00 1488542150133 1488542150133 1488542150164 0.29000E+03
291 30 50 1500.00 1488542151132 1488542151132 1488542151164 0.29100E+03
292 30 50 1500.00 1488542152131 1488542152131 1488542152163 0.29200E+03
293 30 50 1500.00 1488542153119 1488542153119 1488542153151 0.29300E+03
294 30 50 1500.00 1488542154125 1488542154125 1488542154156 0.29400E+03
295 30 50 1500.00 1488542155120 1488542155120 1488542155151 0.29500E+03
296 30 50 1500.00 1488542156119 1488542156119 1488542156151 0.29600E+03
297 30 50 1500.00 1488542157121 1488542157121 1488542157152 0.29700E+03
298 30 50 1500.00 1488542158132 1488542158132 1488542158164 0.29800E+03
299 30 50 1500.00 1488542159117 1488542159117 1488542159148 0.29900E+03
300 30 50 1500.00 1488542160125 1488542160125 1488542160156 0.30000E+03
301 40 50 2000.00 1488542161119 1488542161119 1488542161151 0.30100E+03
302 40 50 2000.00 1488542162119 1488542162119 1488542162150 0.30200E+03
303 40 50 2000.00 1488542163134 1488542163134 1488542163181 0.30300E+03
304 40 50 2000.00 1488542164137 1488542164137 1488542164168 0.30400E+03
305 40 50 2000.00 1488542165104 1488542165110 1488542165127 0.30500E+03
306 40 50 2000.00 1488542166136 1488542166136 1488542166167 0.30600E+03
307 40 50 2000.00 1488542167122 1488542167122 1488542167154 0.30700E+03
308 40 50 2000.00 1488542168137 1488542168137 1488542168168 0.30800E+03
309 40 50 2000.00 1488542169127 1488542169127 1488542169158 0.30900E+03
310 40 50 2000.00 1488542170121 1488542170121 1488542170143 0.31000E+03
311 40 50 2000.00 1488542171128 1488542171134 1488542171152 0.31100E+03
312 40 50 2000.00 1488542172127 1488542172127 1488542172159 0.31200E+03
313 40 50 2000.00 1488542173123 1488542173123 1488542173154 0.31300E+03
314 40 50 2000.00 1488542174139 1488542174139 1488542174161 0.31400E+03
315 40 50 2000.00 1488542175126 1488542175126 1488542175154 0.31500E+03
316 40 50 2000.00 1488542176139 1488542176139 1488542176170 0.31600E+03
317 40 50 2000.00 1488542177126 1488542177126 1488542177157 0.31700E+03
318 40 50 2000.00 1488542178125 1488542178127 1488542178158 0.31800E+03
319 40 50 2000.00 1488542179124 1488542179124 1488542179155 0.31900E+03
320 40 50 2000.00 1488542180126 1488542180126 1488542180163 0.32000E+03
321 40 50 2000.00 1488542181126 1488542181126 1488542181159 0.32100E+03
322 40 50 2000.00 1488542182127 1488542182127 1488542182158 0.32200E+03
323 40 50 2000.00 1488542183126 1488542183126 1488542183158 0.32300E+03
324 40 50 2000.00 1488542184130 1488542184130 1488542184161 0.32400E+03
325 40 50 2000.00 1488542185129 1488542185129 1488542185163 0.32500E+03
326 40 50 2000.00 1488542186113 1488542186113 1488542186145 0.32600E+03
327 40 50 2000.00 1488542187127 1488542187127 1488542187174 0.32700E+03
328 40 50 2000.00 1488542188128 1488542188128 1488542188159 0.32800E+03
329 40 50 2000.00 1488542189127 1488542189127 1488542189158 0.32900E+03
330 40 50 2000.00 1488542190131 1488542190131 1488542190162 0.33000E+03
331 40 50 2000.00 1488542191114 1488542191114 1488542191161 0.33100E+03
332 40 50 2000.00 1488542192133 1488542192133 1488542192164 0.33200E+03
333 40 50 2000.00 1488542193131 1488542193131 1488542193162 0.33300E+03
334 40 50 2000.00 1488542194131 1488542194131 1488542194162 0.33400E+03
335 40 50 2000.00 1488542195132 1488542195132 1488542195163 0.33500E+03
336 40 50 2000.00 1488542196119 1488542196119 1488542196151 0.33600E+03
337 40 50 2000.00 1488542197133 1488542197133 1488542197164 0.33700E+03
338 40 50 2000.00 1488542198133 1488542198133 1488542198165 0.33800E+03
339 40 50 2000.00 1488542199131 1488542199131 1488542199162 0.33900E+03
340 40 50 2000.00 1488542200132 1488542200132 1488542200163 0.34000E+03
341 40 50 2000.00 1488542201133 1488542201133 1488542201164 0.34100E+03
342 40 50 2000.00 1488542202132 1488542202132 1488542202164 0.34200E+03
343 40 50 2000.00 1488542203125 1488542203125 1488542203171 0.34300E+03
344 40 50 2000.00 1488542204119 1488542204119 1488542204150 0.34400E+03
345 40 50 2000.00 1488542205119 1488542205119 1488542205150 0.34500E+03
346 40 50 2000.00 1488542206134 1488542206134 1488542206165 0.34600E+03
347 40 50 2000.00 1488542207134 1488542207134 1488542207227 0.34700E+03
348 40 50 2000.00 1488542208121 1488542208121 1488542208152 0.34800E+03
349 40 50 2000.00 1488542209121 1488542209121 1488542209152 0.34900E+03
350 40 50 2000.00 1488542210137 1488542210137 1488542210168 0.35000E+03
351 40 50 2000.00 1488542211120 1488542211120 1488542211152 0.35100E+03
352 40 50 2000.00 1488542212120 1488542212120 1488542212152 0.35200E+03
353 40 50 2000.00 1488542213121 1488542213121 1488542213153 0.35300E+03
354 40 50 2000.00 1488542214137 1488542214137 1488542214168 0.35400E+03
355 40 50 2000.00 1488542215122 1488542215122 1488542215153 0.35500E+03
356 40 50 2000.00 1488542216140 1488542216140 1488542216171 0.35600E+03
357 40 50 2000.00 1488542217137 1488542217137 1488542217169 0.35700E+03
358 40 50 2000.00 1488542218121 1488542218121 1488542218153 0.35800E+03
359 40 50 2000.00 1488542219128 1488542219128 1488542219159 0.35900E+03
360 40 50 2000.00 1488542220140 1488542220140 1488542220171 0.36000E+03
361 40 50 2000.00 1488542221130 1488542221130 1488542221161 0.36100E+03
362 40 50 2000.00 1488542222123 1488542222123 1488542222154 0.36200E+03
363 40 50 2000.00 1488542223125 1488542223125 1488542223156 0.36300E+03
364 40 50 2000.00 1488542224127 1488542224127 1488542224158 0.36400E+03
365 40 50 2000.00 1488542225118 1488542225118 1488542225149 0.36500E+03
366 40 50 2000.00 1488542226127 1488542226127 1488542226159 0.36600E+03
367 40 50 2000.00 1488542227116 1488542227131 1488542227162 0.36700E+03
368 40 50 2000.00 1488542228125 1488542228125 1488542228157 0.36800E+03
369 40 50 2000.00 1488542229128 1488542229128 1488542229159 0.36900E+03
370 40 50 2000.00 1488542230128 1488542230128 1488542230159 0.37000E+03
371 40 50 2000.00 1488542231122 1488542231122 1488542231200 0.37100E+03
372 40 50 2000.00 1488542232123 1488542232123 1488542232155 0.37200E+03
373 40 50 2000.00 1488542233117 1488542233117 1488542233148 0.37300E+03
374 40 50 2000.00 1488542234135 1488542234135 1488542234166 0.37400E+03
375 40 50 2000.00 1488542235130 1488542235130 1488542235161 0.37500E+03
376 40 50 2000.00 1488542236130 1488542236130 1488542236161 0.37600E+03
377 40 50 2000.00 1488542237129 1488542237129 1488542237160 0.37700E+03
378 40 50 2000.00 1488542238118 1488542238122 1488542238146 0.37800E+03
379 40 50 2000.00 1488542239133 1488542239133 1488542239164 0.37900E+03
380 40 50 2000.00 1488542240117 1488542240117 1488542240148 0.38000E+03
381 40 50 2000.00 1488542241118 1488542241118 1488542241149 0.38100E+03
382 40 50 2000.00 1488542242115 1488542242115 1488542242147 0.38200E+03
383 40 50 2000.00 1488542243135 1488542243135 1488542243151 0.38300E+03
384 40 50 2000.00 1488542244136 1488542244136 1488542244167 0.38400E+03
385 40 50 2000.00 1488542245130 1488542245130 1488542245177 0.38500E+03
386 40 50 2000.00 1488542246118 1488542246118 1488542246149 0.38600E+03
387 40 50 2000.00 1488542247133 1488542247133 1488542247164 0.38700E+03
388 40 50 2000.00 1488542248126 1488542248126 1488542248158 0.38800E+03
389 40 50 2000.00 1488542249134 1488542249134 1488542249165 0.38900E+03
390 40 50 2000.00 1488542250118 1488542250118 1488542250149 0.39000E+03
391 40 50 2000.00 1488542251120 1488542251120 1488542251167 0.39100E+03
392 40 50 2000.00 1488542252118 1488542252118 1488542252150 0.39200E+03
393 40 50 2000.00 1488542253125 1488542253125 1488542253156 0.39300E+03
394 40 50 2000.00 1488542254126 1488542254126 1488542254157 0.39400E+03
395 40 50 2000.00 1488542255121 1488542255168 1488542255199 0.39500E+03
396 40 50 2000.00 1488542256136 1488542256136 1488542256151 0.39600E+03
397 40 50 2000.00 1488542257121 1488542257121 1488542257152 0.39700E+03
398 40 50 2000.00 1488542258138 1488542258138 1488542258153 0.39800E+03
399 40 50 2000.00 1488542259136 1488542259136 1488542259167 0.39900E+03
400 40 50 2000.00 1488542260138 1488542260138 1488542260169 0.40000E+03
401 40 50 2000.00 1488542261122 1488542261122 1488542261154 0.40100E+03
402 40 50 2000.00 1488542262124 1488542262124 1488542262155 0.40200E+03
403 40 50 2000.00 1488542263124 1488542263124 1488542263156 0.40300E+03
404 40 50 2000.00 1488542264124 1488542264124 1488542264171 0.40400E+03
405 40 50 2000.00 1488542265129 1488542265129 1488542265161 0.40500E+03
406 40 50 2000.00 1488542266123 1488542266123 1488542266154 0.40600E+03
407 40 50 2000.00 1488542267129 1488542267144 1488542267176 0.40700E+03
408 40 50 2000.00 1488542268125 1488542268125 1488542268172 0.40800E+03
409 40 50 2000.00 1488542269131 1488542269131 1488542269178 0.40900E+03
410 40 50 2000.00 1488542270124 1488542270124 1488542270156 0.41000E+03
411 40 50 2000.00 1488542271125 1488542271125 1488542271157 0.41100E+03
412 40 50 2000.00 1488542272128 1488542272128 1488542272159 0.41200E+03
413 40 50 2000.00 1488542273128 1488542273128 1488542273144 0.41300E+03
414 40 50 2000.00 1488542274133 1488542274133 1488542274149 0.41400E+03
415 40 50 2000.00 1488542275127 1488542275127 1488542275158 0.41500E+03
416 40 50 2000.00 1488542276127 1488542276127 1488542276158 0.41600E+03
417 40 50 2000.00 1488542277131 1488542277131 1488542277162 0.41700E+03
418 40 50 2000.00 1488542278116 1488542278116 1488542278148 0.41800E+03
419 40 50 2000.00 1488542279128 1488542279128 1488542279159 0.41900E+03
420 40 50 2000.00 1488542280136 1488542280136 1488542280167 0.42000E+03
421 40 50 2000.00 1488542281129 1488542281129 1488542281160 0.42100E+03
422 40 50 2000.00 1488542282132 1488542282132 1488542282164 0.42200E+03
423 40 50 2000.00 1488542283128 1488542283128 1488542283160 0.42300E+03
424 40 50 2000.00 1488542284120 1488542284120 1488542284151 0.42400E+03
425 40 50 2000.00 1488542285133 1488542285133 1488542285164 0.42500E+03
426 40 50 2000.00 1488542286116 1488542286116 1488542286148 0.42600E+03
427 40 50 2000.00 1488542287132 1488542287132 1488542287163 0.42700E+03
428 40 50 2000.00 1488542288116 1488542288116 1488542288148 0.42800E+03
429 40 50 2000.00 1488542289120 1488542289120 1488542289151 0.42900E+03
430 40 50 2000.00 1488542290125 1488542290125 1488542290156 0.43000E+03
431 40 50 2000.00 1488542291136 1488542291136 1488542291167 0.43100E+03
432 40 50 2000.00 1488542292135 1488542292135 1488542292166 0.43200E+03
433 40 50 2000.00 1488542293132 1488542293132 1488542293147 0.43300E+03
434 40 50 2000.00 1488542294135 1488542294135 1488542294167 0.43400E+03
435 40 50 2000.00 1488542295126 1488542295126 1488542295158 0.43500E+03
436 40 50 2000.00 1488542296134 1488542296134 1488542296180 0.43600E+03
437 40 50 2000.00 1488542297134 1488542297134 1488542297165 0.43700E+03
438 40 50 2000.00 1488542298121 1488542298121 1488542298168 0.43800E+03
439 40 50 2000.00 1488542299137 1488542299137 1488542299184 0.43900E+03
440 40 50 2000.00 1488542300121 1488542300121 1488542300153 0.44000E+03
441 40 50 2000.00 1488542301128 1488542301128 1488542301159 0.44100E+03
442 40 50 2000.00 1488542302120 1488542302120 1488542302151 0.44200E+03
443 40 50 2000.00 1488542303115 1488542303115 1488542303146 0.44300E+03
444 40 50 2000.00 1488542304122 1488542304122 1488542304168 0.44400E+03
445 40 50 2000.00 1488542305128 1488542305128 1488542305175 0.44500E+03
446 40 50 2000.00 1488542306115 1488542306115 1488542306147 0.44600E+03
447 40 50 2000.00 1488542307116 1488542307116 1488542307147 0.44700E+03
448 40 50 2000.00 1488542308114 1488542308114 1488542308145 0.44800E+03
449 40 50 2000.00 1488542309123 1488542309123 1488542309154 0.44900E+03
450 40 50 2000.00 1488542310128 1488542310128 1488542310160 0.45000E+03
451 40 50 2000.00 1488542311123 1488542311123 1488542311154 0.45100E+03
452 40 50 2000.00 1488542312113 1488542312113 1488542312144 0.45200E+03
453 40 50 2000.00 1488542313129 1488542313129 1488542313160 0.45300E+03
454 40 50 2000.00 1488542314134 1488542314134 1488542314181 0.45400E+03
455 40 50 2000.00 1488542315127 1488542315143 1488542315174 0.45500E+03
456 40 50 2000.00 1488542316127 1488542316127 1488542316158 0.45600E+03
457 40 50 2000.00 1488542317113 1488542317176 1488542317238 0.45700E+03
458 40 50 2000.00 1488542318118 1488542318118 1488542318149 0.45800E+03
459 40 50 2000.00 1488542319127 1488542319143 1488542319190 0.45900E+03
460 40 50 2000.00 1488542320128 1488542320128 1488542320143 0.46000E+03
461 40 50 2000.00 1488542321115 1488542321115 1488542321146 0.46100E+03
462 40 50 2000.00 1488542322132 1488542322132 1488542322163 0.46200E+03
463 40 50 2000.00 1488542323121 1488542323121 1488542323168 0.46300E+03
464 40 50 2000.00 1488542324116 1488542324116 1488542324147 0.46400E+03
465 40 50 2000.00 1488542325116 1488542325116 1488542325147 0.46500E+03
466 40 50 2000.00 1488542326115 1488542326115 1488542326146 0.46600E+03
467 40 50 2000.00 1488542327116 1488542327116 1488542327194 0.46700E+03
468 40 50 2000.00 1488542328131 1488542328131 1488542328194 0.46800E+03
469 40 50 2000.00 1488542329121 1488542329121 1488542329152 0.46900E+03
470 40 50 2000.00 1488542330115 1488542330115 1488542330147 0.47000E+03
471 40 50 2000.00 1488542331131 1488542331131 1488542331162 0.47100E+03
472 40 50 2000.00 1488542332141 1488542332141 1488542332172 0.47200E+03
473 40 50 2000.00 1488542333117 1488542333117 1488542333148 0.47300E+03
474 40 50 2000.00 1488542334121 1488542334121 1488542334152 0.47400E+03
475 40 50 2000.00 1488542335131 1488542335131 1488542335162 0.47500E+03
476 40 50 2000.00 1488542336125 1488542336125 1488542336156 0.47600E+03
477 40 50 2000.00 1488542337119 1488542337119 1488542337150 0.47700E+03
478 40 50 2000.00 1488542338103 1488542338110 1488542338125 0.47800E+03
479 40 50 2000.00 1488542339117 1488542339117 1488542339148 0.47900E+03
480 40 50 2000.00 1488542340132 1488542340132 1488542340163 0.48000E+03
481 40 50 2000.00 1488542341126 1488542341126 1488542341157 0.48100E+03
482 40 50 2000.00 1488542342126 1488542342126 1488542342157 0.48200E+03
483 40 50 2000.00 1488542343117 1488542343124 1488542343148 0.48300E+03
484 40 50 2000.00 1488542344121 1488542344121 1488542344152 0.48400E+03
485 40 50 2000.00 1488542345109 1488542345115 1488542345136 0.48500E+03
486 40 50 2000.00 1488542346117 1488542346117 1488542346148 0.48600E+03
487 40 50 2000.00 1488542347126 1488542347126 1488542347161 0.48700E+03
488 40 50 2000.00 1488542348127 1488542348127 1488542348174 0.48800E+03
489 40 50 2000.00 1488542349128 1488542349137 1488542349158 0.48900E+03
490 40 50 2000.00 1488542350121 1488542350121 1488542350153 0.49000E+03
491 40 50 2000.00 1488542351124 1488542351124 1488542351155 0.49100E+03
492 40 50 2000.00 1488542352115 1488542352115 1488542352147 0.49200E+03
493 40 50 2000.00 1488542353125 1488542353125 1488542353160 0.49300E+03
494 40 50 2000.00 1488542354123 1488542354123 1488542354154 0.49400E+03
495 40 50 2000.00 1488542355121 1488542355121 1488542355152 0.49500E+03
496 40 50 2000.00 1488542356118 1488542356118 1488542356149 0.49600E+03
497 40 50 2000.00 1488542357112 1488542357112 1488542357143 0.49700E+03
498 40 50 2000.00 1488542358126 1488542358126 1488542358157 0.49800E+03
499 40 50 2000.00 1488542359126 1488542359126 1488542359158 0.49900E+03
500 40 50 2000.00 1488542360115 1488542360115 1488542360147 0.50000E+03
501 40 50 2000.00 1488542361128 1488542361128 1488542361159 0.50100E+03
502 40 50 2000.00 1488542362113 1488542362113 1488542362144 0.50200E+03
503 40 50 2000.00 1488542363126 1488542363126 1488542363162 0.50300E+03
504 40 50 2000.00 1488542364112 1488542364112 1488542364143 0.50400E+03
505 40 50 2000.00 1488542365118 1488542365118 1488542365149 0.50500E+03
506 40 50 2000.00 1488542366127 1488542366127 1488542366158 0.50600E+03
507 40 50 2000.00 1488542367112 1488542367112 1488542367143 0.50700E+03
508 40 50 2000.00 1488542368127 1488542368127 1488542368158 0.50800E+03
509 40 50 2000.00 1488542369114 1488542369114 1488542369146 0.50900E+03
510 40 50 2000.00 1488542370120 1488542370120 1488542370151 0.51000E+03
511 40 50 2000.00 1488542371115 1488542371115 1488542371146 0.51100E+03
512 40 50 2000.00 1488542372116 1488542372116 1488542372147 0.51200E+03
513 40 50 2000.00 1488542373129 1488542373129 1488542373160 0.51300E+03
514 40 50 2000.00 1488542374116 1488542374116 1488542374147 0.51400E+03
515 40 50 2000.00 1488542375121 1488542375121 1488542375152 0.51500E+03
516 40 50 2000.00 1488542376130 1488542376130 1488542376161 0.51600E+03
517 40 50 2000.00 1488542377118 1488542377118 1488542377133 0.51700E+03
518 40 50 2000.00 1488542378118 1488542378118 1488542378149 0.51800E+03
519 40 50 2000.00 1488542379123 1488542379123 1488542379154 0.51900E+03
520 40 50 2000.00 1488542380130 1488542380130 1488542380161 0.52000E+03
521 40 50 2000.00 1488542381114 1488542381114 1488542381146 0.52100E+03
522 40 50 2000.00 1488542382117 1488542382117 1488542382148 0.52200E+03
523 40 50 2000.00 1488542383119 1488542383119 1488542383135 0.52300E+03
524 40 50 2000.00 1488542384118 1488542384118 1488542384133 0.52400E+03
525 40 50 2000.00 1488542385123 1488542385123 1488542385154 0.52500E+03
526 40 50 2000.00 1488542386119 1488542386119 1488542386151 0.52600E+03
527 40 50 2000.00 1488542387135 1488542387135 1488542387167 0.52700E+03
528 40 50 2000.00 1488542388119 1488542388119 1488542388150 0.52800E+03
529 40 50 2000.00 1488542389117 1488542389117 1488542389148 0.52900E+03
530 40 50 2000.00 1488542390111 1488542390115 1488542390147 0.53000E+03
531 40 50 2000.00 1488542391107 1488542391127 1488542391175 0.53100E+03
532 40 50 2000.00 1488542392107 1488542392111 1488542392139 0.53200E+03
533 40 50 2000.00 1488542393109 1488542393113 1488542393141 0.53300E+03
534 40 50 2000.00 1488542394105 1488542394109 1488542394149 0.53400E+03
535 40 50 2000.00 1488542395104 1488542395108 1488542395140 0.53500E+03
536 40 50 2000.00 1488542396108 1488542396116 1488542396144 0.53600E+03
537 40 50 2000.00 1488542397104 1488542397108 1488542397136 0.53700E+03
538 40 50 2000.00 1488542398104 1488542398108 1488542398128 0.53800E+03
539 40 50 2000.00 1488542399116 1488542399125 1488542399168 0.53900E+03
540 40 50 2000.00 1488542400124 1488542400130 1488542400158 0.54000E+03
541 40 50 2000.00 1488542401121 1488542401121 1488542401153 0.54100E+03
542 40 50 2000.00 1488542402127 1488542402127 1488542402158 0.54200E+03
543 40 50 2000.00 1488542403120 1488542403120 1488542403152 0.54300E+03
544 40 50 2000.00 1488542404136 1488542404136 1488542404167 0.54400E+03
545 40 50 2000.00 1488542405121 1488542405121 1488542405152 0.54500E+03
546 40 50 2000.00 1488542406119 1488542406119 1488542406150 0.54600E+03
547 40 50 2000.00 1488542407111 1488542407116 1488542407125 0.54700E+03
548 40 50 2000.00 1488542408130 1488542408130 1488542408161 0.54800E+03
549 40 50 2000.00 1488542409124 1488542409124 1488542409157 0.54900E+03
550 40 50 2000.00 1488542410108 1488542410109 1488542410140 0.55000E+03
551 40 50 2000.00 1488542411108 1488542411112 1488542411144 0.55100E+03
552 40 50 2000.00 1488542412124 1488542412124 1488542412155 0.55200E+03
553 40 50 2000.00 1488542413124 1488542413124 1488542413155 0.55300E+03
554 40 50 2000.00 1488542414139 1488542414139 1488542414171 0.55400E+03
555 40 50 2000.00 1488542415124 1488542415124 1488542415140 0.55500E+03
556 40 50 2000.00 1488542416122 1488542416122 1488542416153 0.55600E+03
557 40 50 2000.00 1488542417127 1488542417133 1488542417148 0.55700E+03
558 40 50 2000.00 1488542418115 1488542418122 1488542418143 0.55800E+03
559 40 50 2000.00 1488542419125 1488542419125 1488542419156 0.55900E+03
560 40 50 2000.00 1488542420126 1488542420126 1488542420161 0.56000E+03
561 40 50 2000.00 1488542421126 1488542421126 1488542421158 0.56100E+03
562 40 50 2000.00 1488542422128 1488542422138 1488542422157 0.56200E+03
563 40 50 2000.00 1488542423126 1488542423126 1488542423157 0.56300E+03
564 40 50 2000.00 1488542424126 1488542424126 1488542424157 0.56400E+03
565 40 50 2000.00 1488542425127 1488542425127 1488542425167 0.56500E+03
566 40 50 2000.00 1488542426127 1488542426127 1488542426159 0.56600E+03
567 40 50 2000.00 1488542427130 1488542427130 1488542427159 0.56700E+03
568 40 50 2000.00 1488542428130 1488542428130 1488542428161 0.56800E+03
569 40 50 2000.00 1488542429127 1488542429127 1488542429158 0.56900E+03
570 40 50 2000.00 1488542430129 1488542430129 1488542430160 0.57000E+03
571 40 50 2000.00 1488542431116 1488542431116 1488542431148 0.57100E+03
572 40 50 2000.00 1488542432129 1488542432129 1488542432165 0.57200E+03
573 40 50 2000.00 1488542433115 1488542433115 1488542433146 0.57300E+03
574 40 50 2000.00 1488542434132 1488542434132 1488542434148 0.57400E+03
575 40 50 2000.00 1488542435131 1488542435131 1488542435163 0.57500E+03
576 40 50 2000.00 1488542436117 1488542436117 1488542436148 0.57600E+03
577 40 50 2000.00 1488542437131 1488542437131 1488542437162 0.57700E+03
578 40 50 2000.00 1488542438116 1488542438116 1488542438147 0.57800E+03
579 40 50 2000.00 1488542439133 1488542439133 1488542439164 0.57900E+03
580 40 50 2000.00 1488542440131 1488542440131 1488542440163 0.58000E+03
581 40 50 2000.00 1488542441132 1488542441132 1488542441163 0.58100E+03
582 40 50 2000.00 1488542442131 1488542442131 1488542442162 0.58200E+03
583 40 50 2000.00 1488542443131 1488542443131 1488542443162 0.58300E+03
584 40 50 2000.00 1488542444133 1488542444133 1488542444165 0.58400E+03
585 40 50 2000.00 1488542445117 1488542445117 1488542445148 0.58500E+03
586 40 50 2000.00 1488542446133 1488542446133 1488542446165 0.58600E+03
587 40 50 2000.00 1488542447123 1488542447123 1488542447154 0.58700E+03
588 40 50 2000.00 1488542448134 1488542448134 1488542448165 0.58800E+03
589 40 50 2000.00 1488542449119 1488542449119 1488542449150 0.58900E+03
590 40 50 2000.00 1488542450122 1488542450122 1488542450153 0.59000E+03
591 40 50 2000.00 1488542451152 1488542451168 1488542451199 0.59100E+03
592 40 50 2000.00 1488542452137 1488542452137 1488542452153 0.59200E+03
593 40 50 2000.00 1488542453122 1488542453122 1488542453153 0.59300E+03
594 40 50 2000.00 1488542454121 1488542454121 1488542454168 0.59400E+03
595 40 50 2000.00 1488542455125 1488542455125 1488542455156 0.59500E+03
596 40 50 2000.00 1488542456124 1488542456124 1488542456156 0.59600E+03
597 40 50 2000.00 1488542457126 1488542457126 1488542457157 0.59700E+03
598 40 50 2000.00 1488542458124 1488542458124 1488542458155 0.59800E+03
599 40 50 2000.00 1488542459123 1488542459123 1488542459154 0.59900E+03
600 40 50 2000.00 1488542460116 1488542460116 1488542460147 0.60000E+03
601 40 50 2000.00 1488542461124 1488542461124 1488542461140 0.60100E+03
602 40 50 2000.00 1488542462124 1488542462124 1488542462155 0.60200E+03
603 40 50 2000.00 1488542463125 1488542463125 1488542463156 0.60300E+03
604 40 50 2000.00 1488542464125 1488542464125 1488542464156 0.60400E+03
605 40 50 2000.00 1488542465128 1488542465128 1488542465175 0.60500E+03
606 40 50 2000.00 1488542466126 1488542466126 1488542466158 0.60600E+03
607 40 50 2000.00 1488542467127 1488542467127 1488542467158 0.60700E+03
608 40 50 2000.00 1488542468125 1488542468125 1488542468157 0.60800E+03
609 40 50 2000.00 1488542469126 1488542469126 1488542469157 0.60900E+03
610 40 50 2000.00 1488542470125 1488542470125 1488542470156 0.61000E+03
611 40 50 2000.00 1488542471130 1488542471145 1488542471208 0.61100E+03
612 40 50 2000.00 1488542472126 1488542472126 1488542472158 0.61200E+03
613 40 50 2000.00 1488542473126 1488542473126 1488542473157 0.61300E+03
614 40 50 2000.00 1488542474129 1488542474129 1488542474161 0.61400E+03
615 40 50 2000.00 1488542475116 1488542475116 1488542475147 0.61500E+03
616 40 50 2000.00 1488542476131 1488542476131 1488542476163 0.61600E+03
617 40 50 2000.00 1488542477131 1488542477131 1488542477162 0.61700E+03
618 40 50 2000.00 1488542478130 1488542478130 1488542478161 0.61800E+03
619 40 50 2000.00 1488542479131 1488542479131 1488542479162 0.61900E+03
620 40 50 2000.00 1488542480130 1488542480130 1488542480161 0.62000E+03
621 40 50 2000.00 1488542481115 1488542481115 1488542481147 0.62100E+03
622 40 50 2000.00 1488542482131 1488542482131 1488542482162 0.62200E+03
623 40 50 2000.00 1488542483118 1488542483118 1488542483133 0.62300E+03
624 40 50 2000.00 1488542484132 1488542484132 1488542484148 0.62400E+03
625 40 50 2000.00 1488542485118 1488542485118 1488542485149 0.62500E+03
626 40 50 2000.00 1488542486107 1488542486111 1488542486139 0.62600E+03
627 40 50 2000.00 1488542487129 1488542487129 1488542487161 0.62700E+03
628 40 50 2000.00 1488542488133 1488542488133 1488542488164 0.62800E+03
629 40 50 2000.00 1488542489132 1488542489132 1488542489163 0.62900E+03
630 40 50 2000.00 1488542490134 1488542490134 1488542490165 0.63000E+03
631 40 50 2000.00 1488542491136 1488542491136 1488542491167 0.63100E+03
632 40 50 2000.00 1488542492125 1488542492125 1488542492156 0.63200E+03
633 40 50 2000.00 1488542493136 1488542493136 1488542493167 0.63300E+03
634 40 50 2000.00 1488542494126 1488542494126 1488542494157 0.63400E+03
635 40 50 2000.00 1488542495138 1488542495138 1488542495170 0.63500E+03
636 40 50 2000.00 1488542496138 1488542496138 1488542496169 0.63600E+03
637 40 50 2000.00 1488542497123 1488542497123 1488542497154 0.63700E+03
638 40 50 2000.00 1488542498123 1488542498123 1488542498155 0.63800E+03
639 40 50 2000.00 1488542499123 1488542499123 1488542499139 0.63900E+03
640 40 50 2000.00 1488542500123 1488542500123 1488542500154 0.64000E+03
641 40 50 2000.00 1488542501124 1488542501124 1488542501155 0.64100E+03
642 40 50 2000.00 1488542502126 1488542502126 1488542502157 0.64200E+03
643 40 50 2000.00 1488542503129 1488542503129 1488542503160 0.64300E+03
644 40 50 2000.00 1488542504123 1488542504123 1488542504155 0.64400E+03
645 40 50 2000.00 1488542505123 1488542505123 1488542505139 0.64500E+03
646 40 50 2000.00 1488542506126 1488542506126 1488542506157 0.64600E+03
647 40 50 2000.00 1488542507125 1488542507125 1488542507156 0.64700E+03
648 40 50 2000.00 1488542508129 1488542508129 1488542508160 0.64800E+03
649 40 50 2000.00 1488542509123 1488542509123 1488542509154 0.64900E+03
650 40 50 2000.00 1488542510127 1488542510127 1488542510159 0.65000E+03
651 40 50 2000.00 1488542511126 1488542511126 1488542511157 0.65100E+03
652 40 50 2000.00 1488542512133 1488542512133 1488542512164 0.65200E+03
653 40 50 2000.00 1488542513127 1488542513127 1488542513143 0.65300E+03
654 40 50 2000.00 1488542514128 1488542514128 1488542514159 0.65400E+03
655 40 50 2000.00 1488542515126 1488542515126 1488542515158 0.65500E+03
656 40 50 2000.00 1488542516127 1488542516127 1488542516158 0.65600E+03
657 40 50 2000.00 1488542517136 1488542517136 1488542517168 0.65700E+03
658 40 50 2000.00 1488542518115 1488542518115 1488542518146 0.65800E+03
659 40 50 2000.00 1488542519115 1488542519115 1488542519146 0.65900E+03
660 40 50 2000.00 1488542520128 1488542520128 1488542520159 0.66000E+03
661 40 50 2000.00 1488542521129 1488542521129 1488542521161 0.66100E+03
662 40 50 2000.00 1488542522135 1488542522135 1488542522166 0.66200E+03
663 40 50 2000.00 1488542523119 1488542523119 1488542523150 0.66300E+03
664 40 50 2000.00 1488542524127 1488542524127 1488542524159 0.66400E+03
665 40 50 2000.00 1488542525121 1488542525184 1488542525262 0.66500E+03
666 40 50 2000.00 1488542526131 1488542526131 1488542526163 0.66600E+03
667 40 50 2000.00 1488542527116 1488542527116 1488542527147 0.66700E+03
668 40 50 2000.00 1488542528131 1488542528131 1488542528163 0.66800E+03
669 40 50 2000.00 1488542529131 1488542529131 1488542529162 0.66900E+03
670 40 50 2000.00 1488542530116 1488542530116 1488542530147 0.67000E+03
671 40 50 2000.00 1488542531132 1488542531132 1488542531179 0.67100E+03
672 40 50 2000.00 1488542532132 1488542532132 1488542532148 0.67200E+03
673 40 50 2000.00 1488542533115 1488542533115 1488542533146 0.67300E+03
674 40 50 2000.00 1488542534133 1488542534133 1488542534165 0.67400E+03
675 40 50 2000.00 1488542535124 1488542535124 1488542535155 0.67500E+03
676 40 50 2000.00 1488542536137 1488542536137 1488542536168 0.67600E+03
677 40 50 2000.00 1488542537137 1488542537137 1488542537168 0.67700E+03
678 40 50 2000.00 1488542538135 1488542538135 1488542538166 0.67800E+03
679 40 50 2000.00 1488542539119 1488542539119 1488542539150 0.67900E+03
680 40 50 2000.00 1488542540123 1488542540123 1488542540155 0.68000E+03
681 40 50 2000.00 1488542541126 1488542541126 1488542541157 0.68100E+03
682 40 50 2000.00 1488542542121 1488542542121 1488542542152 0.68200E+03
683 40 50 2000.00 1488542543121 1488542543121 1488542543167 0.68300E+03
684 40 50 2000.00 1488542544127 1488542544127 1488542544158 0.68400E+03
685 40 50 2000.00 1488542545122 1488542545122 1488542545153 0.68500E+03
686 40 50 2000.00 1488542546112 1488542546112 1488542546159 0.68600E+03
687 40 50 2000.00 1488542547127 1488542547127 1488542547142 0.68700E+03
688 40 50 2000.00 1488542548126 1488542548126 1488542548158 0.68800E+03
689 40 50 2000.00 1488542549124 1488542549124 1488542549156 0.68900E+03
690 40 50 2000.00 1488542550113 1488542550113 1488542550144 0.69000E+03
691 40 50 2000.00 1488542551125 1488542551125 1488542551156 0.69100E+03
692 40 50 2000.00 1488542552124 1488542552140 1488542552171 0.69200E+03
693 40 50 2000.00 1488542553126 1488542553126 1488542553157 0.69300E+03
694 40 50 2000.00 1488542554125 1488542554125 1488542554156 0.69400E+03
695 40 50 2000.00 1488542555132 1488542555132 1488542555163 0.69500E+03
696 40 50 2000.00 1488542556126 1488542556126 1488542556157 0.69600E+03
697 40 50 2000.00 1488542557126 1488542557126 1488542557157 0.69700E+03
698 40 50 2000.00 1488542558128 1488542558128 1488542558144 0.69800E+03
699 40 50 2000.00 1488542559126 1488542559126 1488542559157 0.69900E+03
700 40 50 2000.00 1488542560116 1488542560116 1488542560147 0.70000E+03
701 40 50 2000.00 1488542561128 1488542561128 1488542561159 0.70100E+03
702 40 50 2000.00 1488542562128 1488542562128 1488542562159 0.70200E+03
703 40 50 2000.00 1488542563130 1488542563130 1488542563161 0.70300E+03
704 40 50 2000.00 1488542564130 1488542564130 1488542564161 0.70400E+03
705 40 50 2000.00 1488542565129 1488542565129 1488542565160 0.70500E+03
706 40 50 2000.00 1488542566135 1488542566135 1488542566166 0.70600E+03
707 40 50 2000.00 1488542567128 1488542567128 1488542567159 0.70700E+03
708 40 50 2000.00 1488542568112 1488542568112 1488542568128 0.70800E+03
709 40 50 2000.00 1488542569119 1488542569119 1488542569150 0.70900E+03
710 40 50 2000.00 1488542570119 1488542570119 1488542570150 0.71000E+03
711 40 50 2000.00 1488542571119 1488542571119 1488542571166 0.71100E+03
712 40 50 2000.00 1488542572119 1488542572119 1488542572182 0.71200E+03
713 40 50 2000.00 1488542573131 1488542573131 1488542573146 0.71300E+03
714 40 50 2000.00 1488542574115 1488542574115 1488542574131 0.71400E+03
715 40 50 2000.00 1488542575109 1488542575112 1488542575128 0.71500E+03
716 40 50 2000.00 1488542576134 1488542576134 1488542576166 0.71600E+03
717 40 50 2000.00 1488542577137 1488542577137 1488542577168 0.71700E+03
718 40 50 2000.00 1488542578119 1488542578119 1488542578150 0.71800E+03
719 40 50 2000.00 1488542579118 1488542579118 1488542579150 0.71900E+03
720 40 50 2000.00 1488542580122 1488542580122 1488542580169 0.72000E+03
721 40 50 2000.00 1488542581127 1488542581127 1488542581159 0.72100E+03
722 40 50 2000.00 1488542582124 1488542582129 1488542582160 0.72200E+03
723 40 50 2000.00 1488542583115 1488542583122 1488542583138 0.72300E+03
724 40 50 2000.00 1488542584140 1488542584140 1488542584171 0.72400E+03
725 40 50 2000.00 1488542585121 1488542585121 1488542585152 0.72500E+03
726 40 50 2000.00 1488542586119 1488542586119 1488542586136 0.72600E+03
727 40 50 2000.00 1488542587118 1488542587118 1488542587150 0.72700E+03
728 40 50 2000.00 1488542588120 1488542588120 1488542588150 0.72800E+03
729 40 50 2000.00 1488542589121 1488542589121 1488542589152 0.72900E+03
730 40 50 2000.00 1488542590136 1488542590136 1488542590168 0.73000E+03
731 40 50 2000.00 1488542591120 1488542591120 1488542591152 0.73100E+03
732 40 50 2000.00 1488542592138 1488542592138 1488542592175 0.73200E+03
733 40 50 2000.00 1488542593123 1488542593123 1488542593168 0.73300E+03
734 40 50 2000.00 1488542594127 1488542594127 1488542594154 0.73400E+03
735 40 50 2000.00 1488542595124 1488542595124 1488542595155 0.73500E+03
736 40 50 2000.00 1488542596130 1488542596130 1488542596161 0.73600E+03
737 40 50 2000.00 1488542597124 1488542597124 1488542597155 0.73700E+03
738 40 50 2000.00 1488542598125 1488542598125 1488542598158 0.73800E+03
739 40 50 2000.00 1488542599127 1488542599127 1488542599158 0.73900E+03
740 40 50 2000.00 1488542600131 1488542600131 1488542600162 0.74000E+03
741 40 50 2000.00 1488542601126 1488542601126 1488542601158 0.74100E+03
742 40 50 2000.00 1488542602126 1488542602126 1488542602157 0.74200E+03
743 40 50 2000.00 1488542603111 1488542603111 1488542603143 0.74300E+03
744 40 50 2000.00 1488542604125 1488542604125 1488542604157 0.74400E+03
745 40 50 2000.00 1488542605125 1488542605125 1488542605157 0.74500E+03
746 40 50 2000.00 1488542606121 1488542606121 1488542606152 0.74600E+03
747 40 50 2000.00 1488542607129 1488542607129 1488542607160 0.74700E+03
748 40 50 2000.00 1488542608127 1488542608127 1488542608158 0.74800E+03
749 40 50 2000.00 1488542609127 1488542609127 1488542609158 0.74900E+03
750 40 50 2000.00 1488542610129 1488542610129 1488542610161 0.75000E+03
751 40 50 2000.00 1488542611118 1488542611118 1488542611149 0.75100E+03
752 40 50 2000.00 1488542612129 1488542612129 1488542612160 0.75200E+03
753 40 50 2000.00 1488542613114 1488542613114 1488542613145 0.75300E+03
754 40 50 2000.00 1488542614112 1488542614112 1488542614144 0.75400E+03
755 40 50 2000.00 1488542615118 1488542615118 1488542615134 0.75500E+03
756 40 50 2000.00 1488542616114 1488542616114 1488542616145 0.75600E+03
757 40 50 2000.00 1488542617129 1488542617129 1488542617161 0.75700E+03
758 40 50 2000.00 1488542618131 1488542618131 1488542618163 0.75800E+03
759 40 50 2000.00 1488542619130 1488542619145 1488542619161 0.75900E+03
760 40 50 2000.00 1488542620138 1488542620138 1488542620169 0.76000E+03
761 40 50 2000.00 1488542621122 1488542621122 1488542621153 0.76100E+03
762 40 50 2000.00 1488542622117 1488542622117 1488542622163 0.76200E+03
763 40 50 2000.00 1488542623134 1488542623134 1488542623150 0.76300E+03
764 40 50 2000.00 1488542624117 1488542624117 1488542624133 0.76400E+03
765 40 50 2000.00 1488542625119 1488542625119 1488542625150 0.76500E+03
766 40 50 2000.00 1488542626132 1488542626132 1488542626163 0.76600E+03
767 40 50 2000.00 1488542627116 1488542627116 1488542627148 0.76700E+03
768 40 50 2000.00 1488542628119 1488542628119 1488542628150 0.76800E+03
769 40 50 2000.00 1488542629133 1488542629133 1488542629164 0.76900E+03
770 40 50 2000.00 1488542630126 1488542630126 1488542630157 0.77000E+03
771 40 50 2000.00 1488542631126 1488542631126 1488542631157 0.77100E+03
772 40 50 2000.00 1488542632135 1488542632135 1488542632167 0.77200E+03
773 40 50 2000.00 1488542633136 1488542633136 1488542633167 0.77300E+03
774 40 50 2000.00 1488542634123 1488542634123 1488542634154 0.77400E+03
775 40 50 2000.00 1488542635125 1488542635125 1488542635156 0.77500E+03
776 40 50 2000.00 1488542636130 1488542636130 1488542636161 0.77600E+03
777 40 50 2000.00 1488542637123 1488542637125 1488542637141 0.77700E+03
778 40 50 2000.00 1488542638126 1488542638126 1488542638157 0.77800E+03
779 40 50 2000.00 1488542639127 1488542639127 1488542639158 0.77900E+03
780 40 50 2000.00 1488542640123 1488542640123 1488542640155 0.78000E+03
781 40 50 2000.00 1488542641123 1488542641123 1488542641139 0.78100E+03
782 40 50 2000.00 1488542642126 1488542642126 1488542642157 0.78200E+03
783 40 50 2000.00 1488542643115 1488542643115 1488542643146 0.78300E+03
784 40 50 2000.00 1488542644125 1488542644125 1488542644157 0.78400E+03
785 40 50 2000.00 1488542645126 1488542645126 1488542645188 0.78500E+03
786 40 50 2000.00 1488542646124 1488542646124 1488542646155 0.78600E+03
787 40 50 2000.00 1488542647112 1488542647112 1488542647144 0.78700E+03
788 40 50 2000.00 1488542648133 1488542648133 1488542648164 0.78800E+03
789 40 50 2000.00 1488542649126 1488542649126 1488542649158 0.78900E+03
790 40 50 2000.00 1488542650124 1488542650124 1488542650155 0.79000E+03
791 40 50 2000.00 1488542651126 1488542651126 1488542651142 0.79100E+03
792 40 50 2000.00 1488542652121 1488542652127 1488542652147 0.79200E+03
793 40 50 2000.00 1488542653127 1488542653127 1488542653174 0.79300E+03
794 40 50 2000.00 1488542654106 1488542654112 1488542654128 0.79400E+03
795 40 50 2000.00 1488542655125 1488542655125 1488542655157 0.79500E+03
796 40 50 2000.00 1488542656131 1488542656131 1488542656162 0.79600E+03
797 40 50 2000.00 1488542657126 1488542657126 1488542657149 0.79700E+03
798 40 50 2000.00 1488542658127 1488542658134 1488542658158 0.79800E+03
799 40 50 2000.00 1488542659129 1488542659129 1488542659160 0.79900E+03
800 40 50 2000.00 1488542660129 1488542660129 1488542660160 0.80000E+03
801 40 50 2000.00 1488542661116 1488542661116 1488542661131 0.80100E+03
802 40 50 2000.00 1488542662133 1488542662133 1488542662169 0.80200E+03
803 40 50 2000.00 1488542663113 1488542663113 1488542663145 0.80300E+03
804 40 50 2000.00 1488542664131 1488542664131 1488542664160 0.80400E+03
805 40 50 2000.00 1488542665129 1488542665129 1488542665160 0.80500E+03
806 40 50 2000.00 1488542666115 1488542666115 1488542666146 0.80600E+03
807 40 50 2000.00 1488542667133 1488542667133 1488542667180 0.80700E+03
808 40 50 2000.00 1488542668117 1488542668117 1488542668148 0.80800E+03
809 40 50 2000.00 1488542669118 1488542669118 1488542669149 0.80900E+03
810 40 50 2000.00 1488542670118 1488542670118 1488542670150 0.81000E+03
811 40 50 2000.00 1488542671118 1488542671118 1488542671149 0.81100E+03
812 40 50 2000.00 1488542672133 1488542672133 1488542672164 0.81200E+03
813 40 50 2000.00 1488542673133 1488542673133 1488542673164 0.81300E+03
814 40 50 2000.00 1488542674120 1488542674120 1488542674135 0.81400E+03
815 40 50 2000.00 1488542675127 1488542675127 1488542675158 0.81500E+03
816 40 50 2000.00 1488542676133 1488542676149 1488542676211 0.81600E+03
817 40 50 2000.00 1488542677125 1488542677125 1488542677157 0.81700E+03
818 40 50 2000.00 1488542678135 1488542678135 1488542678150 0.81800E+03
819 40 50 2000.00 1488542679121 1488542679121 1488542679152 0.81900E+03
820 40 50 2000.00 1488542680123 1488542680123 1488542680155 0.82000E+03
821 40 50 2000.00 1488542681118 1488542681118 1488542681150 0.82100E+03
822 40 50 2000.00 1488542682125 1488542682125 1488542682157 0.82200E+03
823 40 50 2000.00 1488542683138 1488542683138 1488542683170 0.82300E+03
824 40 50 2000.00 1488542684124 1488542684124 1488542684140 0.82400E+03
825 40 50 2000.00 1488542685138 1488542685138 1488542685169 0.82500E+03
826 40 50 2000.00 1488542686122 1488542686122 1488542686138 0.82600E+03
827 40 50 2000.00 1488542687125 1488542687125 1488542687141 0.82700E+03
828 40 50 2000.00 1488542688124 1488542688124 1488542688140 0.82800E+03
829 40 50 2000.00 1488542689123 1488542689123 1488542689139 0.82900E+03
830 40 50 2000.00 1488542690124 1488542690124 1488542690156 0.83000E+03
831 40 50 2000.00 1488542691123 1488542691123 1488542691155 0.83100E+03
832 40 50 2000.00 1488542692127 1488542692127 1488542692158 0.83200E+03
833 40 50 2000.00 1488542693126 1488542693126 1488542693157 0.83300E+03
834 40 50 2000.00 1488542694125 1488542694125 1488542694156 0.83400E+03
835 40 50 2000.00 1488542695113 1488542695113 1488542695144 0.83500E+03
836 40 50 2000.00 1488542696128 1488542696128 1488542696159 0.83600E+03
837 40 50 2000.00 1488542697126 1488542697126 1488542697157 0.83700E+03
838 40 50 2000.00 1488542698126 1488542698126 1488542698158 0.83800E+03
839 40 50 2000.00 1488542699126 1488542699126 1488542699142 0.83900E+03
840 40 50 2000.00 1488542700126 1488542700126 1488542700142 0.84000E+03
841 40 50 2000.00 1488542701113 1488542701113 1488542701144 0.84100E+03
842 40 50 2000.00 1488542702130 1488542702130 1488542702161 0.84200E+03
843 40 50 2000.00 1488542703127 1488542703127 1488542703158 0.84300E+03
844 40 50 2000.00 1488542704114 1488542704114 1488542704145 0.84400E+03
845 40 50 2000.00 1488542705128 1488542705128 1488542705160 0.84500E+03
846 40 50 2000.00 1488542706133 1488542706149 1488542706180 0.84600E+03
847 40 50 2000.00 1488542707129 1488542707129 1488542707161 0.84700E+03
848 40 50 2000.00 1488542708116 1488542708116 1488542708147 0.84800E+03
849 40 50 2000.00 1488542709116 1488542709116 1488542709147 0.84900E+03
850 40 50 2000.00 1488542710132 1488542710132 1488542710164 0.85000E+03
851 40 50 2000.00 1488542711131 1488542711131 1488542711162 0.85100E+03
852 40 50 2000.00 1488542712115 1488542712115 1488542712131 0.85200E+03
853 40 50 2000.00 1488542713116 1488542713116 1488542713178 0.85300E+03
854 40 50 2000.00 1488542714118 1488542714118 1488542714149 0.85400E+03
855 40 50 2000.00 1488542715118 1488542715118 1488542715149 0.85500E+03
856 40 50 2000.00 1488542716134 1488542716134 1488542716165 0.85600E+03
857 40 50 2000.00 1488542717118 1488542717118 1488542717150 0.85700E+03
858 40 50 2000.00 1488542718135 1488542718135 1488542718166 0.85800E+03
859 40 50 2000.00 1488542719135 1488542719135 1488542719151 0.85900E+03
860 40 50 2000.00 1488542720118 1488542720118 1488542720149 0.86000E+03
861 40 50 2000.00 1488542721119 1488542721119 1488542721150 0.86100E+03
862 40 50 2000.00 1488542722135 1488542722135 1488542722167 0.86200E+03
863 40 50 2000.00 1488542723122 1488542723122 1488542723153 0.86300E+03
864 40 50 2000.00 1488542724119 1488542724119 1488542724150 0.86400E+03
865 40 50 2000.00 1488542725121 1488542725121 1488542725152 0.86500E+03
866 40 50 2000.00 1488542726121 1488542726121 1488542726152 0.86600E+03
867 40 50 2000.00 1488542727120 1488542727120 1488542727151 0.86700E+03
868 40 50 2000.00 1488542728121 1488542728121 1488542728152 0.86800E+03
869 40 50 2000.00 1488542729122 1488542729122 1488542729138 0.86900E+03
870 40 50 2000.00 1488542730136 1488542730136 1488542730152 0.87000E+03
871 40 50 2000.00 1488542731124 1488542731124 1488542731155 0.87100E+03
872 40 50 2000.00 1488542732124 1488542732124 1488542732155 0.87200E+03
873 40 50 2000.00 1488542733115 1488542733115 1488542733146 0.87300E+03
874 40 50 2000.00 1488542734126 1488542734126 1488542734157 0.87400E+03
875 40 50 2000.00 1488542735127 1488542735127 1488542735158 0.87500E+03
876 40 50 2000.00 1488542736125 1488542736125 1488542736156 0.87600E+03
877 40 50 2000.00 1488542737127 1488542737127 1488542737158 0.87700E+03
878 40 50 2000.00 1488542738125 1488542738125 1488542738141 0.87800E+03
879 40 50 2000.00 1488542739113 1488542739113 1488542739144 0.87900E+03
880 40 50 2000.00 1488542740126 1488542740126 1488542740157 0.88000E+03
881 40 50 2000.00 1488542741127 1488542741127 1488542741158 0.88100E+03
882 40 50 2000.00 1488542742127 1488542742127 1488542742158 0.88200E+03
883 40 50 2000.00 1488542743127 1488542743127 1488542743158 0.88300E+03
884 40 50 2000.00 1488542744128 1488542744128 1488542744160 0.88400E+03
885 40 50 2000.00 1488542745127 1488542745127 1488542745143 0.88500E+03
886 40 50 2000.00 1488542746126 1488542746126 1488542746142 0.88600E+03
887 40 50 2000.00 1488542747113 1488542747128 1488542747175 0.88700E+03
888 40 50 2000.00 1488542748130 1488542748130 1488542748162 0.88800E+03
889 40 50 2000.00 1488542749129 1488542749129 1488542749160 0.88900E+03
890 40 50 2000.00 1488542750113 1488542750113 1488542750145 0.89000E+03
891 40 50 2000.00 1488542751375 1488542751375 1488542751406 0.89100E+03
892 40 50 2000.00 1488542752135 1488542752135 1488542752166 0.89200E+03
893 40 50 2000.00 1488542753132 1488542753132 1488542753163 0.89300E+03
894 40 50 2000.00 1488542754119 1488542754119 1488542754150 0.89400E+03
895 40 50 2000.00 1488542755115 1488542755115 1488542755146 0.89500E+03
896 40 50 2000.00 1488542756126 1488542756126 1488542756158 0.89600E+03
897 40 50 2000.00 1488542757125 1488542757125 1488542757156 0.89700E+03
898 40 50 2000.00 1488542758118 1488542758118 1488542758149 0.89800E+03
899 40 50 2000.00 1488542759123 1488542759123 1488542759139 0.89900E+03
900 40 50 2000.00 1488542760122 1488542760128 1488542760153 0.90000E+03
901 40 50 2000.00 1488542761121 1488542761121 1488542761152 0.90100E+03
902 40 50 2000.00 1488542762113 1488542762119 1488542762137 0.90200E+03
903 40 50 2000.00 1488542763112 1488542763112 1488542763143 0.90300E+03
904 40 50 2000.00 1488542764134 1488542764134 1488542764165 0.90400E+03
905 40 50 2000.00 1488542765121 1488542765121 1488542765156 0.90500E+03
906 40 50 2000.00 1488542766125 1488542766125 1488542766156 0.90600E+03
907 40 50 2000.00 1488542767119 1488542767119 1488542767172 0.90700E+03
908 40 50 2000.00 1488542768127 1488542768132 1488542768156 0.90800E+03
909 40 50 2000.00 1488542769120 1488542769120 1488542769152 0.90900E+03
910 40 50 2000.00 1488542770128 1488542770128 1488542770161 0.91000E+03
911 40 50 2000.00 1488542771136 1488542771136 1488542771167 0.91100E+03
912 40 50 2000.00 1488542772120 1488542772120 1488542772155 0.91200E+03
913 40 50 2000.00 1488542773126 1488542773126 1488542773158 0.91300E+03
914 40 50 2000.00 1488542774121 1488542774121 1488542774152 0.91400E+03
915 40 50 2000.00 1488542775127 1488542775127 1488542775158 0.91500E+03
916 40 50 2000.00 1488542776122 1488542776122 1488542776153 0.91600E+03
917 40 50 2000.00 1488542777138 1488542777138 1488542777169 0.91700E+03
918 40 50 2000.00 1488542778133 1488542778133 1488542778164 0.91800E+03
919 40 50 2000.00 1488542779123 1488542779123 1488542779154 0.91900E+03
920 40 50 2000.00 1488542780130 1488542780130 1488542780161 0.92000E+03
921 40 50 2000.00 1488542781127 1488542781127 1488542781158 0.92100E+03
922 40 50 2000.00 1488542782137 1488542782137 1488542782168 0.92200E+03
923 40 50 2000.00 1488542783122 1488542783122 1488542783153 0.92300E+03
924 40 50 2000.00 1488542784128 1488542784128 1488542784159 0.92400E+03
925 40 50 2000.00 1488542785130 1488542785130 1488542785162 0.92500E+03
926 40 50 2000.00 1488542786128 1488542786128 1488542786159 0.92600E+03
927 40 50 2000.00 1488542787125 1488542787125 1488542787156 0.92700E+03
928 40 50 2000.00 1488542788131 1488542788147 1488542788194 0.92800E+03
929 40 50 2000.00 1488542789138 1488542789138 1488542789169 0.92900E+03
930 40 50 2000.00 1488542790118 1488542790118 1488542790149 0.93000E+03
931 40 50 2000.00 1488542791120 1488542791120 1488542791152 0.93100E+03
932 40 50 2000.00 1488542792124 1488542792124 1488542792155 0.93200E+03
933 40 50 2000.00 1488542793129 1488542793129 1488542793161 0.93300E+03
934 40 50 2000.00 1488542794132 1488542794132 1488542794164 0.93400E+03
935 40 50 2000.00 1488542795113 1488542795113 1488542795145 0.93500E+03
936 40 50 2000.00 1488542796116 1488542796116 1488542796147 0.93600E+03
937 40 50 2000.00 1488542797117 1488542797117 1488542797149 0.93700E+03
938 40 50 2000.00 1488542798129 1488542798129 1488542798176 0.93800E+03
939 40 50 2000.00 1488542799129 1488542799129 1488542799161 0.93900E+03
940 40 50 2000.00 1488542800130 1488542800130 1488542800161 0.94000E+03
941 40 50 2000.00 1488542801286 1488542801294 1488542801318 0.94100E+03
942 40 50 2000.00 1488542802228 1488542802228 1488542802243 0.94200E+03
943 40 50 2000.00 1488542803132 1488542803132 1488542803148 0.94300E+03
944 40 50 2000.00 1488542804139 1488542804139 1488542804155 0.94400E+03
945 40 50 2000.00 1488542805136 1488542805136 1488542805167 0.94500E+03
946 40 50 2000.00 1488542806117 1488542806117 1488542806148 0.94600E+03
947 40 50 2000.00 1488542807133 1488542807133 1488542807164 0.94700E+03
948 40 50 2000.00 1488542808124 1488542808124 1488542808155 0.94800E+03
949 40 50 2000.00 1488542809119 1488542809119 1488542809150 0.94900E+03
950 40 50 2000.00 1488542810135 1488542810135 1488542810166 0.95000E+03
951 40 50 2000.00 1488542811135 1488542811135 1488542811166 0.95100E+03
952 40 50 2000.00 1488542812119 1488542812119 1488542812151 0.95200E+03
953 40 50 2000.00 1488542813133 1488542813133 1488542813148 0.95300E+03
954 40 50 2000.00 1488542814133 1488542814133 1488542814148 0.95400E+03
955 40 50 2000.00 1488542815137 1488542815137 1488542815168 0.95500E+03
956 40 50 2000.00 1488542816122 1488542816122 1488542816153 0.95600E+03
957 40 50 2000.00 1488542817123 1488542817123 1488542817154 0.95700E+03
958 40 50 2000.00 1488542818120 1488542818120 1488542818151 0.95800E+03
959 40 50 2000.00 1488542819122 1488542819122 1488542819153 0.95900E+03
960 40 50 2000.00 1488542820121 1488542820121 1488542820136 0.96000E+03
961 40 50 2000.00 1488542821126 1488542821126 1488542821157 0.96100E+03
962 40 50 2000.00 1488542822126 1488542822126 1488542822157 0.96200E+03
963 40 50 2000.00 1488542823120 1488542823120 1488542823152 0.96300E+03
964 40 50 2000.00 1488542824133 1488542824133 1488542824164 0.96400E+03
965 40 50 2000.00 1488542825124 1488542825124 1488542825156 0.96500E+03
966 40 50 2000.00 1488542826124 1488542826124 1488542826156 0.96600E+03
967 40 50 2000.00 1488542827124 1488542827124 1488542827155 0.96700E+03
968 40 50 2000.00 1488542828123 1488542828123 1488542828155 0.96800E+03
969 40 50 2000.00 1488542829126 1488542829126 1488542829157 0.96900E+03
970 40 50 2000.00 1488542830128 1488542830128 1488542830159 0.97000E+03
971 40 50 2000.00 1488542831110 1488542831110 1488542831142 0.97100E+03
972 40 50 2000.00 1488542832126 1488542832126 1488542832157 0.97200E+03
973 40 50 2000.00 1488542833125 1488542833125 1488542833157 0.97300E+03
974 40 50 2000.00 1488542834130 1488542834130 1488542834161 0.97400E+03
975 40 50 2000.00 1488542835128 1488542835128 1488542835160 0.97500E+03
976 40 50 2000.00 1488542836118 1488542836118 1488542836150 0.97600E+03
977 40 50 2000.00 1488542837113 1488542837113 1488542837144 0.97700E+03
978 40 50 2000.00 1488542838128 1488542838128 1488542838159 0.97800E+03
979 40 50 2000.00 1488542839132 1488542839132 1488542839163 0.97900E+03
980 40 50 2000.00 1488542840130 1488542840130 1488542840161 0.98000E+03
981 40 50 2000.00 1488542841127 1488542841127 1488542841158 0.98100E+03
982 40 50 2000.00 1488542842128 1488542842128 1488542842159 0.98200E+03
983 40 50 2000.00 1488542843130 1488542843130 1488542843161 0.98300E+03
984 40 50 2000.00 1488542844116 1488542844116 1488542844148 0.98400E+03
985 40 50 2000.00 1488542845117 1488542845117 1488542845148 0.98500E+03
986 40 50 2000.00 1488542846136 1488542846136 1488542846167 0.98600E+03
987 40 50 2000.00 1488542847115 1488542847115 1488542847130 0.98700E+03
988 40 50 2000.00 1488542848133 1488542848133 1488542848165 0.98800E+03
989 40 50 2000.00 1488542849118 1488542849118 1488542849149 0.98900E+03
990 40 50 2000.00 1488542850132 1488542850132 1488542850163 0.99000E+03
991 40 50 2000.00 1488542851119 1488542851119 1488542851166 0.99100E+03
992 40 50 2000.00 1488542852118 1488542852118 1488542852149 0.99200E+03
993 40 50 2000.00 1488542853118 1488542853118 1488542853133 0.99300E+03
994 40 50 2000.00 1488542854117 1488542854117 1488542854133 0.99400E+03
995 40 50 2000.00 1488542855119 1488542855119 1488542855134 0.99500E+03
996 40 50 2000.00 1488542856121 1488542856121 1488542856136 0.99600E+03
997 40 50 2000.00 1488542857122 1488542857122 1488542857153 0.99700E+03
998 40 50 2000.00 1488542858137 1488542858137 1488542858169 0.99800E+03
999 40 50 2000.00 1488542859122 1488542859122 1488542859153 0.99900E+03
1000 40 50 2000.00 1488542860134 1488542860134 1488542860165 0.10000E+04
