0 0 100 0.00 1488544421138 1488544421138 1488544421154 0.10000E+01
1 30 50 1500.00 1488544431760 1488544431767 1488544431782 0.10000E+01
2 30 50 1500.00 1488544434549 1488544434549 1488544434581 0.20000E+01
3 30 50 1500.00 1488544434690 1488544434690 1488544434706 0.30000E+01
4 30 50 1500.00 1488544434831 1488544434831 1488544434846 0.40000E+01
5 30 50 1500.00 1488544435772 1488544435779 1488544435800 0.50000E+01
6 30 50 1500.00 1488544436768 1488544436775 1488544436799 0.60000E+01
7 30 50 1500.00 1488544437799 1488544437799 1488544437846 0.70000E+01
8 30 50 1500.00 1488544438764 1488544438771 1488544438785 0.80000E+01
9 30 50 1500.00 1488544439774 1488544439780 1488544439801 0.90000E+01
10 30 50 1500.00 1488544440760 1488544440767 1488544440785 0.10000E+02
11 30 50 1500.00 1488544441763 1488544441769 1488544441800 0.11000E+02
12 30 50 1500.00 1488544442765 1488544442771 1488544442785 0.12000E+02
13 30 50 1500.00 1488544443762 1488544443768 1488544443786 0.13000E+02
14 30 50 1500.00 1488544444765 1488544444770 1488544444801 0.14000E+02
15 30 50 1500.00 1488544445776 1488544445784 1488544445818 0.15000E+02
16 30 50 1500.00 1488544446766 1488544446773 1488544446803 0.16000E+02
17 30 50 1500.00 1488544447762 1488544447768 1488544447786 0.17000E+02
18 30 50 1500.00 1488544448768 1488544448775 1488544448788 0.18000E+02
19 30 50 1500.00 1488544449771 1488544449772 1488544449803 0.19000E+02
20 30 50 1500.00 1488544450763 1488544450769 1488544450789 0.20000E+02
21 30 50 1500.00 1488544451764 1488544451770 1488544451788 0.21000E+02
22 30 50 1500.00 1488544452771 1488544452773 1488544452804 0.22000E+02
23 30 50 1500.00 1488544453760 1488544453766 1488544453790 0.23000E+02
24 30 50 1500.00 1488544454760 1488544454767 1488544454791 0.24000E+02
25 30 50 1500.00 1488544455760 1488544455766 1488544455790 0.25000E+02
26 30 50 1500.00 1488544456771 1488544456777 1488544456791 0.26000E+02
27 30 50 1500.00 1488544457770 1488544457779 1488544457807 0.27000E+02
28 30 50 1500.00 1488544458767 1488544458775 1488544458806 0.28000E+02
29 30 50 1500.00 1488544459762 1488544459768 1488544459791 0.29000E+02
30 30 50 1500.00 1488544460767 1488544460773 1488544460791 0.30000E+02
31 30 50 1500.00 1488544461761 1488544461767 1488544461793 0.31000E+02
32 30 50 1500.00 1488544462762 1488544462768 1488544462793 0.32000E+02
33 30 50 1500.00 1488544463762 1488544463768 1488544463794 0.33000E+02
34 30 50 1500.00 1488544464763 1488544464769 1488544464777 0.34000E+02
35 30 50 1500.00 1488544465763 1488544465771 1488544465795 0.35000E+02
36 30 50 1500.00 1488544466777 1488544466777 1488544466808 0.36000E+02
37 30 50 1500.00 1488544467766 1488544467772 1488544467794 0.37000E+02
38 30 50 1500.00 1488544468764 1488544468770 1488544468794 0.38000E+02
39 30 50 1500.00 1488544469772 1488544469779 1488544469810 0.39000E+02
40 30 50 1500.00 1488544470774 1488544470779 1488544470795 0.40000E+02
41 30 50 1500.00 1488544471767 1488544471775 1488544471810 0.41000E+02
42 30 50 1500.00 1488544472771 1488544472777 1488544472795 0.42000E+02
43 30 50 1500.00 1488544473773 1488544473779 1488544473796 0.43000E+02
44 30 50 1500.00 1488544474779 1488544474779 1488544474811 0.44000E+02
45 30 50 1500.00 1488544475796 1488544475796 1488544475827 0.45000E+02
46 30 50 1500.00 1488544476765 1488544476771 1488544476797 0.46000E+02
47 30 50 1500.00 1488544477797 1488544477797 1488544477828 0.47000E+02
48 30 50 1500.00 1488544478762 1488544478768 1488544478782 0.48000E+02
49 30 50 1500.00 1488544479762 1488544479766 1488544479782 0.49000E+02
50 30 50 1500.00 1488544480759 1488544480766 1488544480782 0.50000E+02
51 30 50 1500.00 1488544481798 1488544481798 1488544481845 0.51000E+02
52 30 50 1500.00 1488544482766 1488544482772 1488544482799 0.52000E+02
53 30 50 1500.00 1488544483761 1488544483770 1488544483799 0.53000E+02
54 30 50 1500.00 1488544484763 1488544484769 1488544484785 0.54000E+02
55 30 50 1500.00 1488544485760 1488544485766 1488544485785 0.55000E+02
56 30 50 1500.00 1488544486770 1488544486777 1488544486801 0.56000E+02
57 30 50 1500.00 1488544487770 1488544487777 1488544487801 0.57000E+02
58 30 50 1500.00 1488544488767 1488544488774 1488544488786 0.58000E+02
59 30 50 1500.00 1488544489765 1488544489772 1488544489786 0.59000E+02
60 30 50 1500.00 1488544490761 1488544490768 1488544490786 0.60000E+02
61 30 50 1500.00 1488544491760 1488544491767 1488544491787 0.61000E+02
62 30 50 1500.00 1488544492766 1488544492775 1488544492803 0.62000E+02
63 30 50 1500.00 1488544493768 1488544493771 1488544493803 0.63000E+02
64 30 50 1500.00 1488544494766 1488544494773 1488544494788 0.64000E+02
65 30 50 1500.00 1488544495769 1488544495776 1488544495804 0.65000E+02
66 30 50 1500.00 1488544496770 1488544496779 1488544496807 0.66000E+02
