0 0 100 100.00 1488477544909 1488477544915 1488477544999 0.10000E+01
1 20 50 70.00 1488477560701 1488477560709 1488477560742 0.10000E+01
2 20 50 70.00 1488477565558 1488477565565 1488477565653 0.20000E+01
3 20 50 70.00 1488477565811 1488477565818 1488477565847 0.30000E+01
4 20 50 70.00 1488477565980 1488477565986 1488477566015 0.40000E+01
5 20 50 70.00 1488477566123 1488477566129 1488477566158 0.50000E+01
6 20 50 70.00 1488477566267 1488477566277 1488477566312 0.60000E+01
7 20 50 70.00 1488477566435 1488477566444 1488477566475 0.70000E+01
8 20 50 70.00 1488477566720 1488477566728 1488477566759 0.80000E+01
9 20 50 70.00 1488477567716 1488477567723 1488477567760 0.90000E+01
10 20 50 70.00 1488477568716 1488477568722 1488477568751 0.10000E+02
11 20 50 70.00 1488477569732 1488477569741 1488477569783 0.11000E+02
12 20 50 70.00 1488477570716 1488477570724 1488477570756 0.12000E+02
13 20 50 70.00 1488477571702 1488477571708 1488477571740 0.13000E+02
14 20 50 70.00 1488477572720 1488477572726 1488477572753 0.14000E+02
15 20 50 70.00 1488477573716 1488477573724 1488477573757 0.15000E+02
16 20 50 70.00 1488477574707 1488477574715 1488477574744 0.16000E+02
17 20 50 70.00 1488477575707 1488477575713 1488477575739 0.17000E+02
18 20 50 70.00 1488477576716 1488477576723 1488477576761 0.18000E+02
19 20 50 70.00 1488477577703 1488477577711 1488477577745 0.19000E+02
20 20 50 70.00 1488477578698 1488477578703 1488477578726 0.20000E+02
21 20 50 70.00 1488477579703 1488477579711 1488477579741 0.21000E+02
22 20 50 70.00 1488477580716 1488477580723 1488477580755 0.22000E+02
23 20 50 70.00 1488477581716 1488477581723 1488477581755 0.23000E+02
24 20 50 70.00 1488477582715 1488477582721 1488477582757 0.24000E+02
25 20 50 70.00 1488477583717 1488477583724 1488477583756 0.25000E+02
26 20 50 70.00 1488477584741 1488477584749 1488477584779 0.26000E+02
27 20 50 70.00 1488477585716 1488477585723 1488477585754 0.27000E+02
28 20 50 70.00 1488477586716 1488477586722 1488477586754 0.28000E+02
29 20 50 70.00 1488477587706 1488477587715 1488477587756 0.29000E+02
30 20 50 70.00 1488477588954 1488477588963 1488477589000 0.30000E+02
31 20 50 70.00 1488477589715 1488477589722 1488477589753 0.31000E+02
32 20 50 70.00 1488477590704 1488477590711 1488477590737 0.32000E+02
33 20 50 70.00 1488477591715 1488477591725 1488477591758 0.33000E+02
34 20 50 70.00 1488477592803 1488477592811 1488477592842 0.34000E+02
35 20 50 70.00 1488477593739 1488477593746 1488477593778 0.35000E+02
