0 0 100 0.00 1488542296134 1488542296134 1488542296180 0.10000E+01
1 20 50 1000.00 1488542316330 1488542316330 1488542316346 0.10000E+01
2 20 50 1000.00 1488542319080 1488542319080 1488542319111 0.20000E+01
3 20 50 1000.00 1488542319283 1488542319283 1488542319330 0.30000E+01
4 20 50 1000.00 1488542319455 1488542319455 1488542319518 0.40000E+01
5 20 50 1000.00 1488542319649 1488542319695 1488542319727 0.50000E+01
6 20 50 1000.00 1488542320346 1488542320346 1488542320378 0.60000E+01
7 20 50 1000.00 1488542321349 1488542321349 1488542321396 0.70000E+01
8 20 50 1000.00 1488542322351 1488542322351 1488542322413 0.80000E+01
9 20 50 1000.00 1488542323347 1488542323362 1488542323440 0.90000E+01
10 20 50 1000.00 1488542324350 1488542324350 1488542324397 0.10000E+02
11 20 50 1000.00 1488542325350 1488542325350 1488542325381 0.11000E+02
12 20 50 1000.00 1488542326350 1488542326350 1488542326381 0.12000E+02
13 20 50 1000.00 1488542327350 1488542327350 1488542327397 0.13000E+02
14 20 50 1000.00 1488542328350 1488542328350 1488542328366 0.14000E+02
15 20 50 1000.00 1488542329340 1488542329340 1488542329371 0.15000E+02
16 20 50 1000.00 1488542330350 1488542330350 1488542330381 0.16000E+02
17 20 50 1000.00 1488542331334 1488542331334 1488542331365 0.17000E+02
18 20 50 1000.00 1488542332344 1488542332344 1488542332375 0.18000E+02
19 20 50 1000.00 1488542333351 1488542333351 1488542333382 0.19000E+02
20 20 50 1000.00 1488542334355 1488542334355 1488542334387 0.20000E+02
21 20 50 1000.00 1488542335350 1488542335350 1488542335381 0.21000E+02
22 20 50 1000.00 1488542336343 1488542336343 1488542336390 0.22000E+02
23 20 50 1000.00 1488542337353 1488542337353 1488542337385 0.23000E+02
24 20 50 1000.00 1488542338344 1488542338344 1488542338391 0.24000E+02
25 20 50 1000.00 1488542339351 1488542339351 1488542339398 0.25000E+02
26 20 50 1000.00 1488542340335 1488542340335 1488542340366 0.26000E+02
27 20 50 1000.00 1488542341345 1488542341345 1488542341376 0.27000E+02
28 20 50 1000.00 1488542342345 1488542342345 1488542342376 0.28000E+02
29 20 50 1000.00 1488542343351 1488542343351 1488542343382 0.29000E+02
30 20 50 1000.00 1488542344340 1488542344340 1488542344371 0.30000E+02
31 20 50 1000.00 1488542345355 1488542345355 1488542345386 0.31000E+02
32 20 50 1000.00 1488542346351 1488542346351 1488542346382 0.32000E+02
33 20 50 1000.00 1488542347351 1488542347351 1488542347413 0.33000E+02
34 20 50 1000.00 1488542348345 1488542348345 1488542348377 0.34000E+02
35 20 50 1000.00 1488542349346 1488542349346 1488542349392 0.35000E+02
36 20 50 1000.00 1488542350356 1488542350356 1488542350387 0.36000E+02
37 20 50 1000.00 1488542351342 1488542351342 1488542351374 0.37000E+02
38 20 50 1000.00 1488542352340 1488542352340 1488542352371 0.38000E+02
39 20 50 1000.00 1488542353350 1488542353350 1488542353381 0.39000E+02
40 20 50 1000.00 1488542354357 1488542354357 1488542354388 0.40000E+02
41 20 50 1000.00 1488542355356 1488542355356 1488542355387 0.41000E+02
42 20 50 1000.00 1488542356344 1488542356344 1488542356375 0.42000E+02
43 20 50 1000.00 1488542357339 1488542357339 1488542357370 0.43000E+02
44 20 50 1000.00 1488542358345 1488542358345 1488542358376 0.44000E+02
45 20 50 1000.00 1488542359345 1488542359345 1488542359376 0.45000E+02
46 20 50 1000.00 1488542360340 1488542360340 1488542360371 0.46000E+02
47 20 50 1000.00 1488542361349 1488542361349 1488542361380 0.47000E+02
48 20 50 1000.00 1488542362350 1488542362350 1488542362382 0.48000E+02
49 20 50 1000.00 1488542363346 1488542363346 1488542363377 0.49000E+02
50 20 50 1000.00 1488542364346 1488542364346 1488542364377 0.50000E+02
51 20 50 1000.00 1488542365343 1488542365343 1488542365374 0.51000E+02
52 20 50 1000.00 1488542366346 1488542366346 1488542366377 0.52000E+02
53 20 50 1000.00 1488542367345 1488542367345 1488542367376 0.53000E+02
54 20 50 1000.00 1488542368345 1488542368345 1488542368377 0.54000E+02
55 20 50 1000.00 1488542369333 1488542369333 1488542369364 0.55000E+02
56 20 50 1000.00 1488542370354 1488542370354 1488542370385 0.56000E+02
57 20 50 1000.00 1488542371340 1488542371340 1488542371356 0.57000E+02
58 20 50 1000.00 1488542372364 1488542372364 1488542372396 0.58000E+02
59 20 50 1000.00 1488542373332 1488542373332 1488542373363 0.59000E+02
60 20 50 1000.00 1488542374335 1488542374335 1488542374366 0.60000E+02
61 20 50 1000.00 1488542375346 1488542375346 1488542375377 0.61000E+02
62 20 50 1000.00 1488542376349 1488542376349 1488542376380 0.62000E+02
63 20 50 1000.00 1488542377349 1488542377349 1488542377380 0.63000E+02
64 20 50 1000.00 1488542378352 1488542378352 1488542378384 0.64000E+02
65 20 50 1000.00 1488542379341 1488542379341 1488542379373 0.65000E+02
66 20 50 1000.00 1488542380339 1488542380339 1488542380370 0.66000E+02
67 20 50 1000.00 1488542381349 1488542381349 1488542381380 0.67000E+02
68 20 50 1000.00 1488542382351 1488542382351 1488542382382 0.68000E+02
69 20 50 1000.00 1488542383385 1488542383385 1488542383416 0.69000E+02
70 20 50 1000.00 1488542384336 1488542384336 1488542384368 0.70000E+02
71 20 50 1000.00 1488542385331 1488542385331 1488542385363 0.71000E+02
72 20 50 1000.00 1488542386357 1488542386357 1488542386391 0.72000E+02
73 20 50 1000.00 1488542387357 1488542387360 1488542387391 0.73000E+02
74 20 50 1000.00 1488542388342 1488542388342 1488542388404 0.74000E+02
75 20 50 1000.00 1488542389357 1488542389357 1488542389388 0.75000E+02
76 20 50 1000.00 1488542390334 1488542390334 1488542390365 0.76000E+02
77 20 50 1000.00 1488542391327 1488542391331 1488542391363 0.77000E+02
78 20 50 1000.00 1488542392321 1488542392329 1488542392385 0.78000E+02
79 20 50 1000.00 1488542393325 1488542393333 1488542393365 0.79000E+02
80 20 50 1000.00 1488542394329 1488542394337 1488542394373 0.80000E+02
81 20 50 1000.00 1488542395328 1488542395336 1488542395368 0.81000E+02
82 20 50 1000.00 1488542396328 1488542396336 1488542396360 0.82000E+02
83 20 50 1000.00 1488542397328 1488542397336 1488542397364 0.83000E+02
84 20 50 1000.00 1488542398320 1488542398396 1488542398496 0.84000E+02
85 20 50 1000.00 1488542399344 1488542399344 1488542399407 0.85000E+02
86 20 50 1000.00 1488542400346 1488542400346 1488542400377 0.86000E+02
87 20 50 1000.00 1488542401356 1488542401356 1488542401387 0.87000E+02
88 20 50 1000.00 1488542402345 1488542402345 1488542402392 0.88000E+02
89 20 50 1000.00 1488542403339 1488542403339 1488542403370 0.89000E+02
90 20 50 1000.00 1488542404355 1488542404355 1488542404386 0.90000E+02
91 20 50 1000.00 1488542405340 1488542405340 1488542405371 0.91000E+02
92 20 50 1000.00 1488542406353 1488542406353 1488542406385 0.92000E+02
93 20 50 1000.00 1488542407344 1488542407344 1488542407375 0.93000E+02
94 20 50 1000.00 1488542408349 1488542408349 1488542408380 0.94000E+02
95 20 50 1000.00 1488542409345 1488542409345 1488542409376 0.95000E+02
96 20 50 1000.00 1488542410343 1488542410343 1488542410374 0.96000E+02
97 20 50 1000.00 1488542411347 1488542411347 1488542411378 0.97000E+02
98 20 50 1000.00 1488542412343 1488542412343 1488542412374 0.98000E+02
99 20 50 1000.00 1488542413347 1488542413347 1488542413379 0.99000E+02
100 20 50 1000.00 1488542414342 1488542414342 1488542414374 0.10000E+03
101 19 50 950.00 1488542415343 1488542415343 1488542415374 0.10100E+03
102 20 50 1000.00 1488542416356 1488542416356 1488542416387 0.10200E+03
103 21 50 1050.00 1488542417351 1488542417351 1488542417383 0.10300E+03
104 21 50 1050.00 1488542418333 1488542418333 1488542418364 0.10400E+03
105 22 50 1100.00 1488542419359 1488542419359 1488542419390 0.10500E+03
106 23 50 1150.00 1488542420351 1488542420351 1488542420382 0.10600E+03
107 23 50 1150.00 1488542421345 1488542421345 1488542421376 0.10700E+03
108 24 50 1200.00 1488542422345 1488542422345 1488542422377 0.10800E+03
109 24 50 1200.00 1488542423344 1488542423344 1488542423376 0.10900E+03
110 25 50 1250.00 1488542424345 1488542424345 1488542424379 0.11000E+03
111 25 50 1250.00 1488542425352 1488542425352 1488542425384 0.11100E+03
112 26 50 1300.00 1488542426346 1488542426346 1488542426377 0.11200E+03
113 26 50 1300.00 1488542427346 1488542427346 1488542427377 0.11300E+03
114 27 50 1350.00 1488542428348 1488542428348 1488542428380 0.11400E+03
115 27 50 1350.00 1488542429346 1488542429346 1488542429377 0.11500E+03
116 28 50 1400.00 1488542430348 1488542430348 1488542430379 0.11600E+03
117 28 50 1400.00 1488542431341 1488542431341 1488542431372 0.11700E+03
118 28 50 1400.00 1488542432351 1488542432351 1488542432382 0.11800E+03
119 29 50 1450.00 1488542433334 1488542433334 1488542433365 0.11900E+03
120 29 50 1450.00 1488542434351 1488542434351 1488542434382 0.12000E+03
121 29 50 1450.00 1488542435341 1488542435341 1488542435372 0.12100E+03
122 29 50 1450.00 1488542436351 1488542436351 1488542436383 0.12200E+03
123 29 50 1450.00 1488542437351 1488542437351 1488542437382 0.12300E+03
124 29 50 1450.00 1488542438351 1488542438351 1488542438382 0.12400E+03
125 29 50 1450.00 1488542439352 1488542439352 1488542439383 0.12500E+03
126 30 50 1500.00 1488542440341 1488542440341 1488542440372 0.12600E+03
127 29 50 1450.00 1488542441351 1488542441351 1488542441382 0.12700E+03
128 29 50 1450.00 1488542442352 1488542442352 1488542442383 0.12800E+03
129 29 50 1450.00 1488542443349 1488542443349 1488542443381 0.12900E+03
130 29 50 1450.00 1488542444352 1488542444352 1488542444383 0.13000E+03
131 29 50 1450.00 1488542445358 1488542445358 1488542445389 0.13100E+03
132 29 50 1450.00 1488542446343 1488542446359 1488542446390 0.13200E+03
133 29 50 1450.00 1488542447337 1488542447337 1488542447430 0.13300E+03
134 28 50 1400.00 1488542448353 1488542448353 1488542448384 0.13400E+03
135 28 50 1400.00 1488542449337 1488542449337 1488542449369 0.13500E+03
136 28 50 1400.00 1488542450341 1488542450341 1488542450372 0.13600E+03
137 27 50 1350.00 1488542451361 1488542451361 1488542451392 0.13700E+03
138 27 50 1350.00 1488542452341 1488542452341 1488542452372 0.13800E+03
139 26 50 1300.00 1488542453356 1488542453356 1488542453388 0.13900E+03
140 26 50 1300.00 1488542454355 1488542454355 1488542454386 0.14000E+03
141 25 50 1250.00 1488542455344 1488542455344 1488542455375 0.14100E+03
142 25 50 1250.00 1488542456333 1488542456333 1488542456380 0.14200E+03
143 24 50 1200.00 1488542457343 1488542457343 1488542457359 0.14300E+03
144 24 50 1200.00 1488542458343 1488542458343 1488542458374 0.14400E+03
145 23 50 1150.00 1488542459342 1488542459342 1488542459373 0.14500E+03
146 23 50 1150.00 1488542460341 1488542460341 1488542460372 0.14600E+03
147 22 50 1100.00 1488542461343 1488542461359 1488542461390 0.14700E+03
148 21 50 1050.00 1488542462343 1488542462343 1488542462374 0.14800E+03
149 21 50 1050.00 1488542463344 1488542463344 1488542463375 0.14900E+03
150 20 50 1000.00 1488542464343 1488542464343 1488542464375 0.15000E+03
151 20 50 1000.00 1488542465347 1488542465347 1488542465378 0.15100E+03
152 19 50 950.00 1488542466336 1488542466336 1488542466382 0.15200E+03
153 18 50 900.00 1488542467345 1488542467345 1488542467376 0.15300E+03
154 18 50 900.00 1488542468344 1488542468344 1488542468375 0.15400E+03
155 17 50 850.00 1488542469345 1488542469345 1488542469392 0.15500E+03
156 16 50 800.00 1488542470344 1488542470349 1488542470365 0.15600E+03
157 16 50 800.00 1488542471338 1488542471343 1488542471374 0.15700E+03
158 15 50 750.00 1488542472345 1488542472345 1488542472377 0.15800E+03
159 15 50 750.00 1488542473344 1488542473344 1488542473376 0.15900E+03
160 14 50 700.00 1488542474348 1488542474348 1488542474379 0.16000E+03
161 14 50 700.00 1488542475335 1488542475335 1488542475372 0.16100E+03
162 13 50 650.00 1488542476350 1488542476366 1488542476413 0.16200E+03
163 13 50 650.00 1488542477339 1488542477345 1488542477366 0.16300E+03
164 12 50 600.00 1488542478349 1488542478349 1488542478380 0.16400E+03
165 12 50 600.00 1488542479349 1488542479349 1488542479381 0.16500E+03
166 11 50 550.00 1488542480349 1488542480349 1488542480382 0.16600E+03
167 11 50 550.00 1488542481350 1488542481350 1488542481380 0.16700E+03
168 11 50 550.00 1488542482350 1488542482350 1488542482397 0.16800E+03
169 10 50 500.00 1488542483352 1488542483352 1488542483383 0.16900E+03
170 10 50 500.00 1488542484351 1488542484351 1488542484382 0.17000E+03
171 10 50 500.00 1488542485337 1488542485337 1488542485368 0.17100E+03
172 10 50 500.00 1488542486344 1488542486354 1488542486382 0.17200E+03
173 10 50 500.00 1488542487348 1488542487348 1488542487399 0.17300E+03
174 10 50 500.00 1488542488352 1488542488352 1488542488383 0.17400E+03
175 10 50 500.00 1488542489351 1488542489351 1488542489382 0.17500E+03
176 10 50 500.00 1488542490352 1488542490352 1488542490384 0.17600E+03
177 10 50 500.00 1488542491339 1488542491339 1488542491370 0.17700E+03
178 10 50 500.00 1488542492344 1488542492344 1488542492375 0.17800E+03
179 10 50 500.00 1488542493339 1488542493339 1488542493370 0.17900E+03
180 10 50 500.00 1488542494361 1488542494361 1488542494392 0.18000E+03
181 10 50 500.00 1488542495357 1488542495357 1488542495388 0.18100E+03
182 10 50 500.00 1488542496356 1488542496356 1488542496388 0.18200E+03
183 10 50 500.00 1488542497373 1488542497388 1488542497420 0.18300E+03
184 11 50 550.00 1488542498342 1488542498342 1488542498373 0.18400E+03
185 11 50 550.00 1488542499342 1488542499342 1488542499358 0.18500E+03
186 11 50 550.00 1488542500341 1488542500373 1488542500404 0.18600E+03
187 12 50 600.00 1488542501343 1488542501343 1488542501374 0.18700E+03
188 12 50 600.00 1488542502344 1488542502344 1488542502376 0.18800E+03
189 13 50 650.00 1488542503348 1488542503348 1488542503379 0.18900E+03
190 13 50 650.00 1488542504342 1488542504342 1488542504405 0.19000E+03
191 14 50 700.00 1488542505342 1488542505342 1488542505358 0.19100E+03
192 14 50 700.00 1488542506345 1488542506345 1488542506392 0.19200E+03
193 15 50 750.00 1488542507344 1488542507344 1488542507375 0.19300E+03
194 15 50 750.00 1488542508347 1488542508347 1488542508379 0.19400E+03
195 16 50 800.00 1488542509342 1488542509342 1488542509373 0.19500E+03
196 16 50 800.00 1488542510346 1488542510346 1488542510377 0.19600E+03
197 17 50 850.00 1488542511345 1488542511345 1488542511376 0.19700E+03
198 18 50 900.00 1488542512351 1488542512351 1488542512383 0.19800E+03
199 18 50 900.00 1488542513346 1488542513346 1488542513377 0.19900E+03
200 19 50 950.00 1488542514346 1488542514346 1488542514378 0.20000E+03
201 19 50 950.00 1488542515345 1488542515361 1488542515376 0.20100E+03
202 20 50 1000.00 1488542516345 1488542516345 1488542516377 0.20200E+03
203 21 50 1050.00 1488542517339 1488542517339 1488542517386 0.20300E+03
204 21 50 1050.00 1488542518349 1488542518349 1488542518396 0.20400E+03
205 22 50 1100.00 1488542519349 1488542519349 1488542519381 0.20500E+03
206 23 50 1150.00 1488542520346 1488542520346 1488542520378 0.20600E+03
207 23 50 1150.00 1488542521348 1488542521348 1488542521410 0.20700E+03
208 24 50 1200.00 1488542522338 1488542522338 1488542522401 0.20800E+03
209 24 50 1200.00 1488542523338 1488542523338 1488542523369 0.20900E+03
210 25 50 1250.00 1488542524346 1488542524346 1488542524393 0.21000E+03
211 25 50 1250.00 1488542525340 1488542525340 1488542525371 0.21100E+03
212 26 50 1300.00 1488542526366 1488542526366 1488542526428 0.21200E+03
213 26 50 1300.00 1488542527353 1488542527353 1488542527400 0.21300E+03
214 27 50 1350.00 1488542528335 1488542528335 1488542528366 0.21400E+03
215 27 50 1350.00 1488542529339 1488542529339 1488542529355 0.21500E+03
216 28 50 1400.00 1488542530351 1488542530351 1488542530382 0.21600E+03
217 28 50 1400.00 1488542531351 1488542531386 1488542531448 0.21700E+03
218 28 50 1400.00 1488542532335 1488542532335 1488542532367 0.21800E+03
219 29 50 1450.00 1488542533349 1488542533349 1488542533365 0.21900E+03
220 29 50 1450.00 1488542534336 1488542534336 1488542534368 0.22000E+03
221 29 50 1450.00 1488542535342 1488542535342 1488542535389 0.22100E+03
222 29 50 1450.00 1488542536355 1488542536355 1488542536371 0.22200E+03
223 29 50 1450.00 1488542537340 1488542537340 1488542537371 0.22300E+03
224 29 50 1450.00 1488542538338 1488542538338 1488542538369 0.22400E+03
225 29 50 1450.00 1488542539338 1488542539338 1488542539369 0.22500E+03
226 30 50 1500.00 1488542540342 1488542540342 1488542540373 0.22600E+03
227 29 50 1450.00 1488542541345 1488542541345 1488542541376 0.22700E+03
228 29 50 1450.00 1488542542355 1488542542355 1488542542387 0.22800E+03
229 29 50 1450.00 1488542543355 1488542543355 1488542543386 0.22900E+03
230 29 50 1450.00 1488542544345 1488542544345 1488542544392 0.23000E+03
231 29 50 1450.00 1488542545341 1488542545341 1488542545372 0.23100E+03
232 29 50 1450.00 1488542546346 1488542546346 1488542546377 0.23200E+03
233 29 50 1450.00 1488542547346 1488542547346 1488542547377 0.23300E+03
234 28 50 1400.00 1488542548345 1488542548345 1488542548376 0.23400E+03
235 28 50 1400.00 1488542549343 1488542549343 1488542549374 0.23500E+03
236 28 50 1400.00 1488542550347 1488542550347 1488542550378 0.23600E+03
237 27 50 1350.00 1488542551343 1488542551343 1488542551375 0.23700E+03
238 27 50 1350.00 1488542552343 1488542552343 1488542552374 0.23800E+03
239 26 50 1300.00 1488542553345 1488542553345 1488542553376 0.23900E+03
240 26 50 1300.00 1488542554344 1488542554344 1488542554391 0.24000E+03
241 25 50 1250.00 1488542555351 1488542555351 1488542555382 0.24100E+03
242 25 50 1250.00 1488542556345 1488542556345 1488542556376 0.24200E+03
243 24 50 1200.00 1488542557345 1488542557345 1488542557376 0.24300E+03
244 24 50 1200.00 1488542558347 1488542558347 1488542558378 0.24400E+03
245 23 50 1150.00 1488542559360 1488542559360 1488542559392 0.24500E+03
246 23 50 1150.00 1488542560350 1488542560350 1488542560381 0.24600E+03
247 22 50 1100.00 1488542561346 1488542561346 1488542561378 0.24700E+03
248 21 50 1050.00 1488542562347 1488542562347 1488542562378 0.24800E+03
249 21 50 1050.00 1488542563349 1488542563349 1488542563380 0.24900E+03
250 20 50 1000.00 1488542564333 1488542564380 1488542564427 0.25000E+03
251 20 50 1000.00 1488542565348 1488542565348 1488542565379 0.25100E+03
252 19 50 950.00 1488542566338 1488542566338 1488542566369 0.25200E+03
253 18 50 900.00 1488542567346 1488542567346 1488542567378 0.25300E+03
254 18 50 900.00 1488542568347 1488542568362 1488542568378 0.25400E+03
255 17 50 850.00 1488542569353 1488542569353 1488542569384 0.25500E+03
256 16 50 800.00 1488542570354 1488542570354 1488542570385 0.25600E+03
257 16 50 800.00 1488542571358 1488542571358 1488542571390 0.25700E+03
258 15 50 750.00 1488542572354 1488542572354 1488542572369 0.25800E+03
259 15 50 750.00 1488542573349 1488542573349 1488542573381 0.25900E+03
260 14 50 700.00 1488542574350 1488542574350 1488542574381 0.26000E+03
261 14 50 700.00 1488542575347 1488542575347 1488542575362 0.26100E+03
262 13 50 650.00 1488542576353 1488542576353 1488542576400 0.26200E+03
263 13 50 650.00 1488542577356 1488542577356 1488542577387 0.26300E+03
264 12 50 600.00 1488542578353 1488542578353 1488542578384 0.26400E+03
265 12 50 600.00 1488542579337 1488542579337 1488542579368 0.26500E+03
266 11 50 550.00 1488542580356 1488542580356 1488542580403 0.26600E+03
267 11 50 550.00 1488542581346 1488542581346 1488542581377 0.26700E+03
268 11 50 550.00 1488542582348 1488542582348 1488542582379 0.26800E+03
269 10 50 500.00 1488542583357 1488542583357 1488542583388 0.26900E+03
270 10 50 500.00 1488542584344 1488542584344 1488542584375 0.27000E+03
271 10 50 500.00 1488542585355 1488542585355 1488542585386 0.27100E+03
272 10 50 500.00 1488542586340 1488542586340 1488542586371 0.27200E+03
273 10 50 500.00 1488542587337 1488542587337 1488542587353 0.27300E+03
274 10 50 500.00 1488542588338 1488542588338 1488542588369 0.27400E+03
275 10 50 500.00 1488542589355 1488542589355 1488542589387 0.27500E+03
276 10 50 500.00 1488542590340 1488542590340 1488542590371 0.27600E+03
277 10 50 500.00 1488542591356 1488542591356 1488542591403 0.27700E+03
278 10 50 500.00 1488542592347 1488542592347 1488542592378 0.27800E+03
279 10 50 500.00 1488542593340 1488542593340 1488542593371 0.27900E+03
280 10 50 500.00 1488542594342 1488542594342 1488542594373 0.28000E+03
281 10 50 500.00 1488542595348 1488542595348 1488542595379 0.28100E+03
282 10 50 500.00 1488542596349 1488542596349 1488542596380 0.28200E+03
283 10 50 500.00 1488542597349 1488542597349 1488542597380 0.28300E+03
284 11 50 550.00 1488542598343 1488542598343 1488542598374 0.28400E+03
285 11 50 550.00 1488542599346 1488542599346 1488542599377 0.28500E+03
286 11 50 550.00 1488542600350 1488542600350 1488542600381 0.28600E+03
287 12 50 600.00 1488542601345 1488542601345 1488542601376 0.28700E+03
288 12 50 600.00 1488542602335 1488542602335 1488542602366 0.28800E+03
289 13 50 650.00 1488542603345 1488542603345 1488542603377 0.28900E+03
290 13 50 650.00 1488542604360 1488542604360 1488542604391 0.29000E+03
291 14 50 700.00 1488542605344 1488542605344 1488542605375 0.29100E+03
292 14 50 700.00 1488542606346 1488542606346 1488542606377 0.29200E+03
293 15 50 750.00 1488542607347 1488542607347 1488542607379 0.29300E+03
294 15 50 750.00 1488542608332 1488542608332 1488542608348 0.29400E+03
295 16 50 800.00 1488542609346 1488542609346 1488542609361 0.29500E+03
296 16 50 800.00 1488542610348 1488542610348 1488542610379 0.29600E+03
297 17 50 850.00 1488542611343 1488542611343 1488542611374 0.29700E+03
298 18 50 900.00 1488542612348 1488542612348 1488542612379 0.29800E+03
299 18 50 900.00 1488542613348 1488542613348 1488542613379 0.29900E+03
300 19 50 950.00 1488542614347 1488542614347 1488542614378 0.30000E+03
301 19 50 950.00 1488542615353 1488542615384 1488542615431 0.30100E+03
302 20 50 1000.00 1488542616338 1488542616338 1488542616370 0.30200E+03
303 21 50 1050.00 1488542617348 1488542617348 1488542617379 0.30300E+03
304 21 50 1050.00 1488542618350 1488542618350 1488542618381 0.30400E+03
305 22 50 1100.00 1488542619348 1488542619348 1488542619395 0.30500E+03
306 22 50 1100.00 1488542620332 1488542620333 1488542620364 0.30600E+03
307 23 50 1150.00 1488542621341 1488542621341 1488542621372 0.30700E+03
308 24 50 1200.00 1488542622335 1488542622335 1488542622367 0.30800E+03
309 24 50 1200.00 1488542623353 1488542623353 1488542623369 0.30900E+03
310 25 50 1250.00 1488542624351 1488542624351 1488542624367 0.31000E+03
311 25 50 1250.00 1488542625343 1488542625344 1488542625359 0.31100E+03
312 26 50 1300.00 1488542626353 1488542626353 1488542626385 0.31200E+03
313 26 50 1300.00 1488542627325 1488542627331 1488542627354 0.31300E+03
314 27 50 1350.00 1488542628353 1488542628353 1488542628369 0.31400E+03
315 27 50 1350.00 1488542629351 1488542629351 1488542629383 0.31500E+03
316 28 50 1400.00 1488542630345 1488542630345 1488542630366 0.31600E+03
317 28 50 1400.00 1488542631344 1488542631352 1488542631376 0.31700E+03
318 28 50 1400.00 1488542632339 1488542632339 1488542632370 0.31800E+03
319 29 50 1450.00 1488542633339 1488542633339 1488542633386 0.31900E+03
320 29 50 1450.00 1488542634342 1488542634342 1488542634377 0.32000E+03
321 29 50 1450.00 1488542635344 1488542635344 1488542635375 0.32100E+03
322 29 50 1450.00 1488542636349 1488542636349 1488542636390 0.32200E+03
323 29 50 1450.00 1488542637344 1488542637344 1488542637375 0.32300E+03
324 29 50 1450.00 1488542638345 1488542638345 1488542638376 0.32400E+03
325 29 50 1450.00 1488542639346 1488542639346 1488542639377 0.32500E+03
326 29 50 1450.00 1488542640342 1488542640342 1488542640373 0.32600E+03
327 29 50 1450.00 1488542641358 1488542641358 1488542641389 0.32700E+03
328 29 50 1450.00 1488542642345 1488542642345 1488542642376 0.32800E+03
329 29 50 1450.00 1488542643349 1488542643349 1488542643381 0.32900E+03
330 29 50 1450.00 1488542644344 1488542644344 1488542644375 0.33000E+03
331 29 50 1450.00 1488542645344 1488542645344 1488542645376 0.33100E+03
332 29 50 1450.00 1488542646343 1488542646343 1488542646374 0.33200E+03
333 29 50 1450.00 1488542647347 1488542647347 1488542647394 0.33300E+03
334 28 50 1400.00 1488542648336 1488542648336 1488542648367 0.33400E+03
335 28 50 1400.00 1488542649345 1488542649345 1488542649376 0.33500E+03
336 28 50 1400.00 1488542650358 1488542650358 1488542650389 0.33600E+03
337 27 50 1350.00 1488542651345 1488542651345 1488542651376 0.33700E+03
338 27 50 1350.00 1488542652351 1488542652351 1488542652382 0.33800E+03
339 26 50 1300.00 1488542653346 1488542653346 1488542653377 0.33900E+03
340 26 50 1300.00 1488542654346 1488542654346 1488542654362 0.34000E+03
341 25 50 1250.00 1488542655360 1488542655360 1488542655391 0.34100E+03
342 25 50 1250.00 1488542656350 1488542656350 1488542656381 0.34200E+03
343 24 50 1200.00 1488542657352 1488542657352 1488542657383 0.34300E+03
344 24 50 1200.00 1488542658345 1488542658345 1488542658392 0.34400E+03
345 23 50 1150.00 1488542659348 1488542659348 1488542659379 0.34500E+03
346 23 50 1150.00 1488542660348 1488542660348 1488542660379 0.34600E+03
347 22 50 1100.00 1488542661350 1488542661350 1488542661381 0.34700E+03
348 21 50 1050.00 1488542662345 1488542662345 1488542662376 0.34800E+03
349 21 50 1050.00 1488542663348 1488542663348 1488542663363 0.34900E+03
350 20 50 1000.00 1488542664347 1488542664347 1488542664378 0.35000E+03
351 20 50 1000.00 1488542665348 1488542665348 1488542665395 0.35100E+03
352 19 50 950.00 1488542666349 1488542666349 1488542666381 0.35200E+03
353 18 50 900.00 1488542667336 1488542667336 1488542667368 0.35300E+03
354 18 50 900.00 1488542668342 1488542668342 1488542668373 0.35400E+03
355 17 50 850.00 1488542669337 1488542669337 1488542669384 0.35500E+03
356 17 50 850.00 1488542670337 1488542670337 1488542670368 0.35600E+03
357 16 50 800.00 1488542671337 1488542671337 1488542671368 0.35700E+03
358 15 50 750.00 1488542672337 1488542672337 1488542672369 0.35800E+03
359 15 50 750.00 1488542673342 1488542673342 1488542673373 0.35900E+03
360 14 50 700.00 1488542674344 1488542674344 1488542674360 0.36000E+03
361 14 50 700.00 1488542675354 1488542675354 1488542675385 0.36100E+03
362 13 50 650.00 1488542676336 1488542676336 1488542676368 0.36200E+03
363 13 50 650.00 1488542677335 1488542677335 1488542677366 0.36300E+03
364 12 50 600.00 1488542678354 1488542678354 1488542678385 0.36400E+03
365 12 50 600.00 1488542679338 1488542679338 1488542679369 0.36500E+03
366 11 50 550.00 1488542680342 1488542680342 1488542680373 0.36600E+03
367 11 50 550.00 1488542681337 1488542681337 1488542681368 0.36700E+03
368 11 50 550.00 1488542682335 1488542682335 1488542682366 0.36800E+03
369 11 50 550.00 1488542683344 1488542683344 1488542683376 0.36900E+03
370 10 50 500.00 1488542684343 1488542684343 1488542684359 0.37000E+03
371 10 50 500.00 1488542685347 1488542685347 1488542685363 0.37100E+03
372 10 50 500.00 1488542686347 1488542686347 1488542686363 0.37200E+03
373 10 50 500.00 1488542687341 1488542687341 1488542687388 0.37300E+03
374 10 50 500.00 1488542688343 1488542688343 1488542688374 0.37400E+03
375 10 50 500.00 1488542689342 1488542689342 1488542689373 0.37500E+03
376 10 50 500.00 1488542690343 1488542690343 1488542690359 0.37600E+03
377 10 50 500.00 1488542691348 1488542691348 1488542691379 0.37700E+03
378 10 50 500.00 1488542692342 1488542692342 1488542692374 0.37800E+03
379 10 50 500.00 1488542693345 1488542693345 1488542693376 0.37900E+03
380 10 50 500.00 1488542694345 1488542694345 1488542694376 0.38000E+03
381 10 50 500.00 1488542695347 1488542695347 1488542695378 0.38100E+03
382 10 50 500.00 1488542696337 1488542696337 1488542696368 0.38200E+03
383 10 50 500.00 1488542697347 1488542697347 1488542697378 0.38300E+03
384 11 50 550.00 1488542698331 1488542698331 1488542698363 0.38400E+03
385 11 50 550.00 1488542699345 1488542699345 1488542699377 0.38500E+03
386 11 50 550.00 1488542700345 1488542700345 1488542700376 0.38600E+03
387 12 50 600.00 1488542701347 1488542701347 1488542701379 0.38700E+03
388 12 50 600.00 1488542702355 1488542702355 1488542702371 0.38800E+03
389 13 50 650.00 1488542703349 1488542703349 1488542703380 0.38900E+03
390 13 50 650.00 1488542704348 1488542704348 1488542704379 0.39000E+03
391 14 50 700.00 1488542705348 1488542705348 1488542705379 0.39100E+03
392 14 50 700.00 1488542706343 1488542706349 1488542706373 0.39200E+03
393 15 50 750.00 1488542707348 1488542707348 1488542707379 0.39300E+03
394 15 50 750.00 1488542708335 1488542708348 1488542708379 0.39400E+03
395 16 50 800.00 1488542709351 1488542709351 1488542709382 0.39500E+03
396 16 50 800.00 1488542710336 1488542710351 1488542710367 0.39600E+03
397 17 50 850.00 1488542711349 1488542711349 1488542711396 0.39700E+03
398 18 50 900.00 1488542712350 1488542712350 1488542712371 0.39800E+03
399 18 50 900.00 1488542713334 1488542713334 1488542713359 0.39900E+03
400 19 50 950.00 1488542714352 1488542714352 1488542714383 0.40000E+03
401 19 50 950.00 1488542715352 1488542715352 1488542715384 0.40100E+03
402 20 50 1000.00 1488542716337 1488542716337 1488542716368 0.40200E+03
403 21 50 1050.00 1488542717353 1488542717353 1488542717406 0.40300E+03
404 21 50 1050.00 1488542718354 1488542718375 1488542718406 0.40400E+03
405 22 50 1100.00 1488542719338 1488542719338 1488542719370 0.40500E+03
406 22 50 1100.00 1488542720337 1488542720337 1488542720370 0.40600E+03
407 23 50 1150.00 1488542721338 1488542721338 1488542721369 0.40700E+03
408 24 50 1200.00 1488542722338 1488542722338 1488542722370 0.40800E+03
409 24 50 1200.00 1488542723356 1488542723356 1488542723393 0.40900E+03
410 25 50 1250.00 1488542724337 1488542724337 1488542724369 0.41000E+03
411 25 50 1250.00 1488542725355 1488542725355 1488542725393 0.41100E+03
412 26 50 1300.00 1488542726355 1488542726355 1488542726387 0.41200E+03
413 26 50 1300.00 1488542727339 1488542727339 1488542727370 0.41300E+03
414 27 50 1350.00 1488542728340 1488542728340 1488542728371 0.41400E+03
415 27 50 1350.00 1488542729341 1488542729341 1488542729388 0.41500E+03
416 28 50 1400.00 1488542730339 1488542730339 1488542730370 0.41600E+03
417 28 50 1400.00 1488542731342 1488542731342 1488542731374 0.41700E+03
418 28 50 1400.00 1488542732343 1488542732343 1488542732374 0.41800E+03
419 28 50 1400.00 1488542733334 1488542733334 1488542733365 0.41900E+03
420 29 50 1450.00 1488542734344 1488542734344 1488542734376 0.42000E+03
421 29 50 1450.00 1488542735346 1488542735346 1488542735377 0.42100E+03
422 29 50 1450.00 1488542736359 1488542736359 1488542736390 0.42200E+03
423 29 50 1450.00 1488542737346 1488542737346 1488542737377 0.42300E+03
424 29 50 1450.00 1488542738344 1488542738344 1488542738360 0.42400E+03
425 29 50 1450.00 1488542739347 1488542739363 1488542739394 0.42500E+03
426 29 50 1450.00 1488542740345 1488542740345 1488542740376 0.42600E+03
427 29 50 1450.00 1488542741346 1488542741346 1488542741377 0.42700E+03
428 29 50 1450.00 1488542742346 1488542742346 1488542742377 0.42800E+03
429 29 50 1450.00 1488542743346 1488542743346 1488542743377 0.42900E+03
430 29 50 1450.00 1488542744347 1488542744347 1488542744378 0.43000E+03
431 29 50 1450.00 1488542745346 1488542745346 1488542745362 0.43100E+03
432 29 50 1450.00 1488542746345 1488542746345 1488542746376 0.43200E+03
433 29 50 1450.00 1488542747331 1488542747331 1488542747363 0.43300E+03
434 28 50 1400.00 1488542748349 1488542748349 1488542748380 0.43400E+03
435 28 50 1400.00 1488542749347 1488542749347 1488542749379 0.43500E+03
436 28 50 1400.00 1488542750348 1488542750363 1488542750379 0.43600E+03
437 27 50 1350.00 1488542751406 1488542751438 1488542751485 0.43700E+03
438 27 50 1350.00 1488542752353 1488542752353 1488542752385 0.43800E+03
439 26 50 1300.00 1488542753350 1488542753350 1488542753382 0.43900E+03
440 26 50 1300.00 1488542754337 1488542754337 1488542754369 0.44000E+03
441 25 50 1250.00 1488542755349 1488542755349 1488542755380 0.44100E+03
442 25 50 1250.00 1488542756345 1488542756345 1488542756376 0.44200E+03
443 24 50 1200.00 1488542757344 1488542757344 1488542757375 0.44300E+03
444 24 50 1200.00 1488542758352 1488542758352 1488542758399 0.44400E+03
445 23 50 1150.00 1488542759342 1488542759342 1488542759389 0.44500E+03
446 23 50 1150.00 1488542760340 1488542760340 1488542760371 0.44600E+03
447 22 50 1100.00 1488542761356 1488542761356 1488542761387 0.44700E+03
448 22 50 1100.00 1488542762356 1488542762356 1488542762371 0.44800E+03
449 21 50 1050.00 1488542763346 1488542763346 1488542763377 0.44900E+03
450 20 50 1000.00 1488542764352 1488542764352 1488542764384 0.45000E+03
451 20 50 1000.00 1488542765346 1488542765346 1488542765378 0.45100E+03
452 19 50 950.00 1488542766343 1488542766343 1488542766375 0.45200E+03
453 18 50 900.00 1488542767343 1488542767343 1488542767375 0.45300E+03
454 18 50 900.00 1488542768344 1488542768344 1488542768376 0.45400E+03
455 17 50 850.00 1488542769355 1488542769355 1488542769386 0.45500E+03
456 17 50 850.00 1488542770353 1488542770353 1488542770384 0.45600E+03
457 16 50 800.00 1488542771355 1488542771355 1488542771386 0.45700E+03
458 15 50 750.00 1488542772355 1488542772355 1488542772386 0.45800E+03
459 15 50 750.00 1488542773345 1488542773345 1488542773376 0.45900E+03
460 14 50 700.00 1488542774340 1488542774340 1488542774371 0.46000E+03
461 14 50 700.00 1488542775337 1488542775337 1488542775368 0.46100E+03
462 13 50 650.00 1488542776346 1488542776346 1488542776378 0.46200E+03
463 13 50 650.00 1488542777349 1488542777349 1488542777364 0.46300E+03
464 12 50 600.00 1488542778336 1488542778336 1488542778367 0.46400E+03
465 12 50 600.00 1488542779342 1488542779342 1488542779373 0.46500E+03
466 11 50 550.00 1488542780339 1488542780355 1488542780386 0.46600E+03
467 11 50 550.00 1488542781333 1488542781333 1488542781364 0.46700E+03
468 11 50 550.00 1488542782349 1488542782349 1488542782380 0.46800E+03
469 11 50 550.00 1488542783340 1488542783340 1488542783372 0.46900E+03
470 10 50 500.00 1488542784347 1488542784347 1488542784378 0.47000E+03
471 10 50 500.00 1488542785355 1488542785355 1488542785386 0.47100E+03
472 10 50 500.00 1488542786349 1488542786349 1488542786380 0.47200E+03
473 10 50 500.00 1488542787343 1488542787343 1488542787359 0.47300E+03
474 10 50 500.00 1488542788350 1488542788350 1488542788381 0.47400E+03
475 10 50 500.00 1488542789347 1488542789347 1488542789378 0.47500E+03
476 10 50 500.00 1488542790352 1488542790352 1488542790383 0.47600E+03
477 10 50 500.00 1488542791352 1488542791352 1488542791383 0.47700E+03
478 10 50 500.00 1488542792342 1488542792342 1488542792374 0.47800E+03
479 10 50 500.00 1488542793348 1488542793348 1488542793379 0.47900E+03
480 10 50 500.00 1488542794341 1488542794341 1488542794357 0.48000E+03
481 10 50 500.00 1488542795348 1488542795348 1488542795379 0.48100E+03
482 10 50 500.00 1488542796347 1488542796347 1488542796378 0.48200E+03
483 10 50 500.00 1488542797352 1488542797352 1488542797383 0.48300E+03
484 11 50 550.00 1488542798348 1488542798348 1488542798410 0.48400E+03
485 11 50 550.00 1488542799339 1488542799339 1488542799370 0.48500E+03
486 11 50 550.00 1488542800349 1488542800349 1488542800380 0.48600E+03
487 12 50 600.00 1488542801349 1488542801365 1488542801443 0.48700E+03
488 12 50 600.00 1488542802353 1488542802353 1488542802384 0.48800E+03
489 13 50 650.00 1488542803351 1488542803351 1488542803367 0.48900E+03
490 13 50 650.00 1488542804331 1488542804333 1488542804348 0.49000E+03
491 13 50 650.00 1488542805342 1488542805342 1488542805374 0.49100E+03
492 14 50 700.00 1488542806342 1488542806342 1488542806373 0.49200E+03
493 15 50 750.00 1488542807336 1488542807336 1488542807367 0.49300E+03
494 15 50 750.00 1488542808343 1488542808343 1488542808374 0.49400E+03
495 16 50 800.00 1488542809353 1488542809362 1488542809375 0.49500E+03
496 16 50 800.00 1488542810338 1488542810338 1488542810359 0.49600E+03
497 17 50 850.00 1488542811354 1488542811354 1488542811401 0.49700E+03
498 17 50 850.00 1488542812345 1488542812353 1488542812385 0.49800E+03
499 18 50 900.00 1488542813336 1488542813336 1488542813367 0.49900E+03
500 19 50 950.00 1488542814352 1488542814352 1488542814383 0.50000E+03
501 19 50 950.00 1488542815340 1488542815340 1488542815383 0.50100E+03
502 20 50 1000.00 1488542816340 1488542816340 1488542816374 0.50200E+03
503 21 50 1050.00 1488542817341 1488542817341 1488542817372 0.50300E+03
504 21 50 1050.00 1488542818339 1488542818339 1488542818370 0.50400E+03
505 22 50 1100.00 1488542819341 1488542819341 1488542819372 0.50500E+03
506 22 50 1100.00 1488542820340 1488542820340 1488542820371 0.50600E+03
507 23 50 1150.00 1488542821345 1488542821345 1488542821376 0.50700E+03
508 24 50 1200.00 1488542822345 1488542822345 1488542822392 0.50800E+03
509 24 50 1200.00 1488542823355 1488542823355 1488542823386 0.50900E+03
510 25 50 1250.00 1488542824336 1488542824336 1488542824367 0.51000E+03
511 25 50 1250.00 1488542825343 1488542825343 1488542825374 0.51100E+03
512 26 50 1300.00 1488542826343 1488542826343 1488542826375 0.51200E+03
513 26 50 1300.00 1488542827343 1488542827343 1488542827375 0.51300E+03
514 27 50 1350.00 1488542828342 1488542828342 1488542828373 0.51400E+03
515 27 50 1350.00 1488542829344 1488542829344 1488542829360 0.51500E+03
516 27 50 1350.00 1488542830346 1488542830346 1488542830378 0.51600E+03
517 28 50 1400.00 1488542831345 1488542831345 1488542831376 0.51700E+03
518 28 50 1400.00 1488542832345 1488542832345 1488542832376 0.51800E+03
519 28 50 1400.00 1488542833344 1488542833344 1488542833375 0.51900E+03
520 29 50 1450.00 1488542834349 1488542834349 1488542834380 0.52000E+03
521 29 50 1450.00 1488542835347 1488542835347 1488542835378 0.52100E+03
522 29 50 1450.00 1488542836337 1488542836337 1488542836368 0.52200E+03
523 29 50 1450.00 1488542837347 1488542837347 1488542837378 0.52300E+03
524 29 50 1450.00 1488542838347 1488542838347 1488542838378 0.52400E+03
525 29 50 1450.00 1488542839350 1488542839350 1488542839382 0.52500E+03
526 29 50 1450.00 1488542840348 1488542840348 1488542840380 0.52600E+03
527 29 50 1450.00 1488542841346 1488542841346 1488542841377 0.52700E+03
528 29 50 1450.00 1488542842346 1488542842346 1488542842378 0.52800E+03
529 29 50 1450.00 1488542843349 1488542843349 1488542843380 0.52900E+03
530 29 50 1450.00 1488542844351 1488542844351 1488542844382 0.53000E+03
531 29 50 1450.00 1488542845351 1488542845351 1488542845383 0.53100E+03
532 29 50 1450.00 1488542846339 1488542846339 1488542846370 0.53200E+03
533 29 50 1450.00 1488542847349 1488542847349 1488542847380 0.53300E+03
534 28 50 1400.00 1488542848352 1488542848352 1488542848383 0.53400E+03
535 28 50 1400.00 1488542849353 1488542849353 1488542849368 0.53500E+03
536 28 50 1400.00 1488542850335 1488542850335 1488542850398 0.53600E+03
537 27 50 1350.00 1488542851353 1488542851353 1488542851385 0.53700E+03
538 27 50 1350.00 1488542852352 1488542852352 1488542852368 0.53800E+03
539 26 50 1300.00 1488542853352 1488542853352 1488542853368 0.53900E+03
540 26 50 1300.00 1488542854336 1488542854336 1488542854351 0.54000E+03
541 26 50 1300.00 1488542855353 1488542855353 1488542855369 0.54100E+03
542 25 50 1250.00 1488542856355 1488542856355 1488542856371 0.54200E+03
543 24 50 1200.00 1488542857341 1488542857341 1488542857372 0.54300E+03
544 24 50 1200.00 1488542858356 1488542858356 1488542858387 0.54400E+03
545 23 50 1150.00 1488542859341 1488542859341 1488542859356 0.54500E+03
546 23 50 1150.00 1488542860353 1488542860353 1488542860384 0.54600E+03
547 22 50 1100.00 1488542861371 1488542861402 1488542861433 0.54700E+03
548 22 50 1100.00 1488542862340 1488542862340 1488542862356 0.54800E+03
549 21 50 1050.00 1488542863346 1488542863346 1488542863377 0.54900E+03
550 20 50 1000.00 1488542864346 1488542864346 1488542864377 0.55000E+03
551 20 50 1000.00 1488542865356 1488542865356 1488542865387 0.55100E+03
552 19 50 950.00 1488542866345 1488542866345 1488542866376 0.55200E+03
553 18 50 900.00 1488542867346 1488542867346 1488542867377 0.55300E+03
554 18 50 900.00 1488542868343 1488542868343 1488542868374 0.55400E+03
555 17 50 850.00 1488542869343 1488542869343 1488542869359 0.55500E+03
556 17 50 850.00 1488542870344 1488542870344 1488542870375 0.55600E+03
557 16 50 800.00 1488542871358 1488542871358 1488542871390 0.55700E+03
558 15 50 750.00 1488542872348 1488542872348 1488542872380 0.55800E+03
559 15 50 750.00 1488542873342 1488542873342 1488542873373 0.55900E+03
560 14 50 700.00 1488542874344 1488542874344 1488542874376 0.56000E+03
561 14 50 700.00 1488542875347 1488542875347 1488542875378 0.56100E+03
562 13 50 650.00 1488542876344 1488542876344 1488542876375 0.56200E+03
563 13 50 650.00 1488542877336 1488542877336 1488542877367 0.56300E+03
564 12 50 600.00 1488542878345 1488542878345 1488542878376 0.56400E+03
565 12 50 600.00 1488542879347 1488542879347 1488542879378 0.56500E+03
566 12 50 600.00 1488542880345 1488542880345 1488542880376 0.56600E+03
567 11 50 550.00 1488542881350 1488542881350 1488542881381 0.56700E+03
568 11 50 550.00 1488542882346 1488542882346 1488542882377 0.56800E+03
569 11 50 550.00 1488542883346 1488542883346 1488542883377 0.56900E+03
570 10 50 500.00 1488542884345 1488542884345 1488542884377 0.57000E+03
571 10 50 500.00 1488542885333 1488542885333 1488542885364 0.57100E+03
572 10 50 500.00 1488542886347 1488542886347 1488542886378 0.57200E+03
573 10 50 500.00 1488542887342 1488542887342 1488542887373 0.57300E+03
574 10 50 500.00 1488542888334 1488542888334 1488542888365 0.57400E+03
575 10 50 500.00 1488542889336 1488542889336 1488542889367 0.57500E+03
576 10 50 500.00 1488542890350 1488542890350 1488542890397 0.57600E+03
577 10 50 500.00 1488542891334 1488542891334 1488542891365 0.57700E+03
578 10 50 500.00 1488542892354 1488542892354 1488542892385 0.57800E+03
579 10 50 500.00 1488542893332 1488542893332 1488542893364 0.57900E+03
580 10 50 500.00 1488542894351 1488542894351 1488542894382 0.58000E+03
581 10 50 500.00 1488542895338 1488542895338 1488542895369 0.58100E+03
582 10 50 500.00 1488542896344 1488542896344 1488542896375 0.58200E+03
583 10 50 500.00 1488542897344 1488542897344 1488542897375 0.58300E+03
584 11 50 550.00 1488542898353 1488542898353 1488542898384 0.58400E+03
585 11 50 550.00 1488542899338 1488542899338 1488542899353 0.58500E+03
586 11 50 550.00 1488542900337 1488542900337 1488542900368 0.58600E+03
587 12 50 600.00 1488542901336 1488542901336 1488542901368 0.58700E+03
588 12 50 600.00 1488542902339 1488542902339 1488542902371 0.58800E+03
589 13 50 650.00 1488542903355 1488542903355 1488542903386 0.58900E+03
590 13 50 650.00 1488542904354 1488542904354 1488542904385 0.59000E+03
591 13 50 650.00 1488542905341 1488542905341 1488542905372 0.59100E+03
592 14 50 700.00 1488542906345 1488542906345 1488542906376 0.59200E+03
593 15 50 750.00 1488542907346 1488542907346 1488542907377 0.59300E+03
594 15 50 750.00 1488542908340 1488542908340 1488542908371 0.59400E+03
595 16 50 800.00 1488542909324 1488542909325 1488542909341 0.59500E+03
596 16 50 800.00 1488542910356 1488542910356 1488542910387 0.59600E+03
597 17 50 850.00 1488542911340 1488542911340 1488542911372 0.59700E+03
598 17 50 850.00 1488542912346 1488542912352 1488542912376 0.59800E+03
599 18 50 900.00 1488542913344 1488542913344 1488542913375 0.59900E+03
600 19 50 950.00 1488542914335 1488542914342 1488542914360 0.60000E+03
601 19 50 950.00 1488542915343 1488542915343 1488542915374 0.60100E+03
602 20 50 1000.00 1488542916345 1488542916345 1488542916376 0.60200E+03
603 21 50 1050.00 1488542917343 1488542917343 1488542917396 0.60300E+03
604 21 50 1050.00 1488542918341 1488542918341 1488542918373 0.60400E+03
605 22 50 1100.00 1488542919351 1488542919351 1488542919375 0.60500E+03
606 22 50 1100.00 1488542920343 1488542920343 1488542920374 0.60600E+03
607 23 50 1150.00 1488542921346 1488542921346 1488542921362 0.60700E+03
608 24 50 1200.00 1488542922345 1488542922345 1488542922376 0.60800E+03
609 24 50 1200.00 1488542923345 1488542923345 1488542923376 0.60900E+03
610 25 50 1250.00 1488542924338 1488542924338 1488542924369 0.61000E+03
611 25 50 1250.00 1488542925347 1488542925347 1488542925378 0.61100E+03
612 26 50 1300.00 1488542926345 1488542926345 1488542926376 0.61200E+03
613 26 50 1300.00 1488542927332 1488542927332 1488542927363 0.61300E+03
614 27 50 1350.00 1488542928336 1488542928336 1488542928368 0.61400E+03
615 27 50 1350.00 1488542929345 1488542929345 1488542929377 0.61500E+03
616 27 50 1350.00 1488542930346 1488542930346 1488542930377 0.61600E+03
617 28 50 1400.00 1488542931348 1488542931348 1488542931380 0.61700E+03
618 28 50 1400.00 1488542932347 1488542932347 1488542932378 0.61800E+03
619 28 50 1400.00 1488542933337 1488542933337 1488542933368 0.61900E+03
620 29 50 1450.00 1488542934347 1488542934347 1488542934379 0.62000E+03
621 29 50 1450.00 1488542935334 1488542935334 1488542935365 0.62100E+03
622 29 50 1450.00 1488542936336 1488542936336 1488542936367 0.62200E+03
623 29 50 1450.00 1488542937334 1488542937334 1488542937365 0.62300E+03
624 29 50 1450.00 1488542938342 1488542938342 1488542938373 0.62400E+03
625 29 50 1450.00 1488542939337 1488542939337 1488542939368 0.62500E+03
626 29 50 1450.00 1488542940352 1488542940352 1488542940383 0.62600E+03
627 29 50 1450.00 1488542941348 1488542941348 1488542941379 0.62700E+03
628 29 50 1450.00 1488542942351 1488542942351 1488542942413 0.62800E+03
629 29 50 1450.00 1488542943339 1488542943339 1488542943373 0.62900E+03
630 29 50 1450.00 1488542944341 1488542944341 1488542944372 0.63000E+03
631 29 50 1450.00 1488542945347 1488542945347 1488542945378 0.63100E+03
632 29 50 1450.00 1488542946337 1488542946337 1488542946353 0.63200E+03
633 29 50 1450.00 1488542947347 1488542947347 1488542947378 0.63300E+03
634 28 50 1400.00 1488542948353 1488542948353 1488542948385 0.63400E+03
635 28 50 1400.00 1488542949357 1488542949357 1488542949388 0.63500E+03
636 28 50 1400.00 1488542950351 1488542950351 1488542950383 0.63600E+03
637 27 50 1350.00 1488542951346 1488542951346 1488542951377 0.63700E+03
638 27 50 1350.00 1488542952337 1488542952337 1488542952368 0.63800E+03
639 26 50 1300.00 1488542953351 1488542953351 1488542953382 0.63900E+03
640 26 50 1300.00 1488542954351 1488542954351 1488542954382 0.64000E+03
641 26 50 1300.00 1488542955342 1488542955342 1488542955373 0.64100E+03
642 25 50 1250.00 1488542956336 1488542956336 1488542956367 0.64200E+03
643 24 50 1200.00 1488542957339 1488542957339 1488542957370 0.64300E+03
644 24 50 1200.00 1488542958345 1488542958345 1488542958376 0.64400E+03
645 23 50 1150.00 1488542959336 1488542959336 1488542959367 0.64500E+03
646 23 50 1150.00 1488542960357 1488542960357 1488542960389 0.64600E+03
647 22 50 1100.00 1488542961332 1488542961332 1488542961364 0.64700E+03
648 22 50 1100.00 1488542962350 1488542962350 1488542962381 0.64800E+03
649 21 50 1050.00 1488542963344 1488542963344 1488542963360 0.64900E+03
650 20 50 1000.00 1488542964351 1488542964351 1488542964382 0.65000E+03
651 20 50 1000.00 1488542965347 1488542965347 1488542965378 0.65100E+03
652 19 50 950.00 1488542966343 1488542966343 1488542966374 0.65200E+03
653 18 50 900.00 1488542967353 1488542967353 1488542967384 0.65300E+03
654 18 50 900.00 1488542968341 1488542968341 1488542968372 0.65400E+03
655 17 50 850.00 1488542969347 1488542969347 1488542969378 0.65500E+03
656 17 50 850.00 1488542970345 1488542970345 1488542970377 0.65600E+03
657 16 50 800.00 1488542971346 1488542971346 1488542971408 0.65700E+03
658 15 50 750.00 1488542972336 1488542972336 1488542972367 0.65800E+03
659 15 50 750.00 1488542973357 1488542973357 1488542973388 0.65900E+03
660 14 50 700.00 1488542974360 1488542974360 1488542974391 0.66000E+03
661 14 50 700.00 1488542975360 1488542975360 1488542975392 0.66100E+03
662 13 50 650.00 1488542976341 1488542976341 1488542976372 0.66200E+03
663 13 50 650.00 1488542977340 1488542977340 1488542977371 0.66300E+03
664 12 50 600.00 1488542978351 1488542978351 1488542978383 0.66400E+03
665 12 50 600.00 1488542979352 1488542979352 1488542979367 0.66500E+03
666 12 50 600.00 1488542980348 1488542980348 1488542980380 0.66600E+03
667 11 50 550.00 1488542981345 1488542981345 1488542981376 0.66700E+03
668 11 50 550.00 1488542982344 1488542982344 1488542982375 0.66800E+03
669 11 50 550.00 1488542983339 1488542983339 1488542983370 0.66900E+03
670 10 50 500.00 1488542984345 1488542984345 1488542984392 0.67000E+03
671 10 50 500.00 1488542985335 1488542985335 1488542985367 0.67100E+03
672 10 50 500.00 1488542986342 1488542986342 1488542986373 0.67200E+03
673 10 50 500.00 1488542987356 1488542987356 1488542987388 0.67300E+03
674 10 50 500.00 1488542988348 1488542988348 1488542988379 0.67400E+03
675 10 50 500.00 1488542989354 1488542989354 1488542989385 0.67500E+03
676 10 50 500.00 1488542990338 1488542990338 1488542990370 0.67600E+03
677 10 50 500.00 1488542991345 1488542991345 1488542991376 0.67700E+03
678 10 50 500.00 1488542992342 1488542992342 1488542992373 0.67800E+03
679 10 50 500.00 1488542993349 1488542993349 1488542993381 0.67900E+03
680 10 50 500.00 1488542994353 1488542994353 1488542994384 0.68000E+03
681 10 50 500.00 1488542995347 1488542995347 1488542995378 0.68100E+03
682 10 50 500.00 1488542996349 1488542996349 1488542996396 0.68200E+03
683 10 50 500.00 1488542997346 1488542997346 1488542997377 0.68300E+03
684 11 50 550.00 1488542998348 1488542998348 1488542998379 0.68400E+03
685 11 50 550.00 1488542999337 1488542999337 1488542999368 0.68500E+03
686 11 50 550.00 1488543000334 1488543000334 1488543000365 0.68600E+03
687 12 50 600.00 1488543001350 1488543001350 1488543001381 0.68700E+03
688 12 50 600.00 1488543002340 1488543002340 1488543002372 0.68800E+03
689 12 50 600.00 1488543003331 1488543003331 1488543003362 0.68900E+03
690 13 50 650.00 1488543004335 1488543004335 1488543004366 0.69000E+03
691 13 50 650.00 1488543005341 1488543005341 1488543005372 0.69100E+03
692 14 50 700.00 1488543006348 1488543006348 1488543006379 0.69200E+03
693 14 50 700.00 1488543007343 1488543007343 1488543007375 0.69300E+03
694 15 50 750.00 1488543008351 1488543008351 1488543008398 0.69400E+03
695 16 50 800.00 1488543009350 1488543009350 1488543009381 0.69500E+03
696 16 50 800.00 1488543010349 1488543010349 1488543010380 0.69600E+03
697 17 50 850.00 1488543011352 1488543011352 1488543011383 0.69700E+03
698 17 50 850.00 1488543012335 1488543012335 1488543012366 0.69800E+03
699 18 50 900.00 1488543013345 1488543013345 1488543013376 0.69900E+03
700 19 50 950.00 1488543014345 1488543014345 1488543014376 0.70000E+03
701 19 50 950.00 1488543015352 1488543015352 1488543015383 0.70100E+03
702 20 50 1000.00 1488543016346 1488543016346 1488543016377 0.70200E+03
703 21 50 1050.00 1488543017344 1488543017344 1488543017376 0.70300E+03
704 21 50 1050.00 1488543018352 1488543018352 1488543018383 0.70400E+03
705 22 50 1100.00 1488543019343 1488543019343 1488543019375 0.70500E+03
706 22 50 1100.00 1488543020343 1488543020343 1488543020374 0.70600E+03
707 23 50 1150.00 1488543021339 1488543021339 1488543021371 0.70700E+03
708 24 50 1200.00 1488543022333 1488543022333 1488543022365 0.70800E+03
709 24 50 1200.00 1488543023351 1488543023351 1488543023382 0.70900E+03
710 25 50 1250.00 1488543024357 1488543024357 1488543024388 0.71000E+03
711 25 50 1250.00 1488543025353 1488543025353 1488543025384 0.71100E+03
712 26 50 1300.00 1488543026347 1488543026347 1488543026378 0.71200E+03
713 26 50 1300.00 1488543027347 1488543027347 1488543027379 0.71300E+03
714 27 50 1350.00 1488543028342 1488543028342 1488543028373 0.71400E+03
715 27 50 1350.00 1488543029332 1488543029332 1488543029364 0.71500E+03
716 27 50 1350.00 1488543030339 1488543030339 1488543030370 0.71600E+03
717 28 50 1400.00 1488543031344 1488543031344 1488543031376 0.71700E+03
718 28 50 1400.00 1488543032345 1488543032345 1488543032376 0.71800E+03
719 28 50 1400.00 1488543033351 1488543033351 1488543033382 0.71900E+03
720 29 50 1450.00 1488543034351 1488543034351 1488543034382 0.72000E+03
721 29 50 1450.00 1488543035332 1488543035332 1488543035364 0.72100E+03
722 29 50 1450.00 1488543036355 1488543036355 1488543036386 0.72200E+03
723 29 50 1450.00 1488543037354 1488543037354 1488543037385 0.72300E+03
724 29 50 1450.00 1488543038346 1488543038346 1488543038378 0.72400E+03
725 29 50 1450.00 1488543039339 1488543039339 1488543039370 0.72500E+03
726 29 50 1450.00 1488543040356 1488543040356 1488543040387 0.72600E+03
727 29 50 1450.00 1488543041344 1488543041344 1488543041376 0.72700E+03
728 29 50 1450.00 1488543042345 1488543042345 1488543042376 0.72800E+03
729 29 50 1450.00 1488543043350 1488543043350 1488543043381 0.72900E+03
730 29 50 1450.00 1488543044356 1488543044356 1488543044388 0.73000E+03
731 29 50 1450.00 1488543045354 1488543045354 1488543045385 0.73100E+03
732 29 50 1450.00 1488543046351 1488543046351 1488543046382 0.73200E+03
733 29 50 1450.00 1488543047351 1488543047351 1488543047382 0.73300E+03
734 28 50 1400.00 1488543048361 1488543048361 1488543048392 0.73400E+03
735 28 50 1400.00 1488543049351 1488543049351 1488543049382 0.73500E+03
736 28 50 1400.00 1488543050351 1488543050351 1488543050382 0.73600E+03
737 27 50 1350.00 1488543051342 1488543051342 1488543051373 0.73700E+03
738 27 50 1350.00 1488543052345 1488543052345 1488543052376 0.73800E+03
739 27 50 1350.00 1488543053342 1488543053342 1488543053374 0.73900E+03
740 26 50 1300.00 1488543054348 1488543054348 1488543054380 0.74000E+03
741 26 50 1300.00 1488543055354 1488543055354 1488543055386 0.74100E+03
742 25 50 1250.00 1488543056345 1488543056345 1488543056376 0.74200E+03
743 25 50 1250.00 1488543057342 1488543057342 1488543057373 0.74300E+03
744 24 50 1200.00 1488543058342 1488543058342 1488543058358 0.74400E+03
745 23 50 1150.00 1488543059336 1488543059336 1488543059367 0.74500E+03
746 23 50 1150.00 1488543060354 1488543060354 1488543060385 0.74600E+03
747 22 50 1100.00 1488543061333 1488543061333 1488543061364 0.74700E+03
748 22 50 1100.00 1488543062339 1488543062339 1488543062370 0.74800E+03
749 21 50 1050.00 1488543063343 1488543063343 1488543063374 0.74900E+03
750 20 50 1000.00 1488543064350 1488543064350 1488543064382 0.75000E+03
751 20 50 1000.00 1488543065347 1488543065347 1488543065379 0.75100E+03
752 19 50 950.00 1488543066348 1488543066348 1488543066379 0.75200E+03
753 18 50 900.00 1488543067342 1488543067342 1488543067373 0.75300E+03
754 18 50 900.00 1488543068342 1488543068342 1488543068373 0.75400E+03
755 17 50 850.00 1488543069343 1488543069343 1488543069375 0.75500E+03
756 17 50 850.00 1488543070355 1488543070355 1488543070387 0.75600E+03
757 16 50 800.00 1488543071340 1488543071340 1488543071371 0.75700E+03
758 15 50 750.00 1488543072340 1488543072340 1488543072371 0.75800E+03
759 15 50 750.00 1488543073346 1488543073346 1488543073377 0.75900E+03
760 14 50 700.00 1488543074348 1488543074348 1488543074379 0.76000E+03
761 14 50 700.00 1488543075348 1488543075348 1488543075379 0.76100E+03
762 13 50 650.00 1488543076345 1488543076345 1488543076376 0.76200E+03
763 13 50 650.00 1488543077344 1488543077344 1488543077375 0.76300E+03
764 12 50 600.00 1488543078351 1488543078351 1488543078382 0.76400E+03
765 12 50 600.00 1488543079343 1488543079343 1488543079374 0.76500E+03
766 12 50 600.00 1488543080337 1488543080337 1488543080368 0.76600E+03
767 11 50 550.00 1488543081343 1488543081343 1488543081374 0.76700E+03
768 11 50 550.00 1488543082337 1488543082337 1488543082368 0.76800E+03
769 11 50 550.00 1488543083344 1488543083344 1488543083375 0.76900E+03
770 10 50 500.00 1488543084335 1488543084335 1488543084366 0.77000E+03
771 10 50 500.00 1488543085347 1488543085347 1488543085379 0.77100E+03
772 10 50 500.00 1488543086353 1488543086353 1488543086384 0.77200E+03
773 10 50 500.00 1488543087343 1488543087343 1488543087375 0.77300E+03
774 10 50 500.00 1488543088354 1488543088354 1488543088385 0.77400E+03
775 10 50 500.00 1488543089338 1488543089338 1488543089370 0.77500E+03
776 10 50 500.00 1488543090349 1488543090349 1488543090380 0.77600E+03
777 10 50 500.00 1488543091343 1488543091343 1488543091362 0.77700E+03
778 10 50 500.00 1488543092342 1488543092342 1488543092374 0.77800E+03
779 10 50 500.00 1488543093347 1488543093347 1488543093378 0.77900E+03
780 10 50 500.00 1488543094347 1488543094347 1488543094378 0.78000E+03
781 10 50 500.00 1488543095347 1488543095347 1488543095378 0.78100E+03
782 10 50 500.00 1488543096341 1488543096341 1488543096373 0.78200E+03
783 10 50 500.00 1488543097346 1488543097346 1488543097378 0.78300E+03
784 11 50 550.00 1488543098357 1488543098357 1488543098373 0.78400E+03
785 11 50 550.00 1488543099350 1488543099350 1488543099381 0.78500E+03
786 11 50 550.00 1488543100360 1488543100360 1488543100391 0.78600E+03
787 12 50 600.00 1488543101343 1488543101343 1488543101374 0.78700E+03
788 12 50 600.00 1488543102352 1488543102352 1488543102383 0.78800E+03
789 12 50 600.00 1488543103352 1488543103352 1488543103384 0.78900E+03
790 13 50 650.00 1488543104323 1488543104329 1488543104348 0.79000E+03
791 13 50 650.00 1488543105347 1488543105347 1488543105379 0.79100E+03
792 14 50 700.00 1488543106346 1488543106346 1488543106378 0.79200E+03
793 14 50 700.00 1488543107344 1488543107344 1488543107366 0.79300E+03
794 15 50 750.00 1488543108344 1488543108351 1488543108375 0.79400E+03
795 16 50 800.00 1488543109346 1488543109346 1488543109378 0.79500E+03
796 16 50 800.00 1488543110348 1488543110348 1488543110380 0.79600E+03
797 17 50 850.00 1488543111346 1488543111346 1488543111379 0.79700E+03
798 17 50 850.00 1488543112353 1488543112353 1488543112384 0.79800E+03
799 18 50 900.00 1488543113347 1488543113347 1488543113378 0.79900E+03
800 19 50 950.00 1488543114350 1488543114350 1488543114381 0.80000E+03
801 19 50 950.00 1488543115333 1488543115333 1488543115364 0.80100E+03
802 20 50 1000.00 1488543116349 1488543116349 1488543116381 0.80200E+03
803 21 50 1050.00 1488543117342 1488543117342 1488543117373 0.80300E+03
804 21 50 1050.00 1488543118336 1488543118336 1488543118367 0.80400E+03
805 22 50 1100.00 1488543119336 1488543119336 1488543119367 0.80500E+03
806 22 50 1100.00 1488543120347 1488543120347 1488543120378 0.80600E+03
807 23 50 1150.00 1488543121351 1488543121351 1488543121382 0.80700E+03
808 24 50 1200.00 1488543122341 1488543122341 1488543122372 0.80800E+03
809 24 50 1200.00 1488543123335 1488543123335 1488543123366 0.80900E+03
810 25 50 1250.00 1488543124349 1488543124349 1488543124381 0.81000E+03
811 25 50 1250.00 1488543125350 1488543125350 1488543125381 0.81100E+03
812 26 50 1300.00 1488543126352 1488543126352 1488543126383 0.81200E+03
813 26 50 1300.00 1488543127359 1488543127359 1488543127390 0.81300E+03
814 27 50 1350.00 1488543128337 1488543128337 1488543128369 0.81400E+03
815 27 50 1350.00 1488543129337 1488543129337 1488543129369 0.81500E+03
816 27 50 1350.00 1488543130355 1488543130355 1488543130386 0.81600E+03
817 28 50 1400.00 1488543131352 1488543131352 1488543131383 0.81700E+03
818 28 50 1400.00 1488543132339 1488543132339 1488543132370 0.81800E+03
819 28 50 1400.00 1488543133336 1488543133339 1488543133355 0.81900E+03
820 29 50 1450.00 1488543134354 1488543134354 1488543134385 0.82000E+03
821 29 50 1450.00 1488543135352 1488543135352 1488543135367 0.82100E+03
822 29 50 1450.00 1488543136337 1488543136337 1488543136368 0.82200E+03
823 29 50 1450.00 1488543137355 1488543137361 1488543137392 0.82300E+03
824 29 50 1450.00 1488543138340 1488543138340 1488543138371 0.82400E+03
825 29 50 1450.00 1488543139338 1488543139344 1488543139371 0.82500E+03
826 29 50 1450.00 1488543140342 1488543140342 1488543140373 0.82600E+03
827 29 50 1450.00 1488543141342 1488543141342 1488543141373 0.82700E+03
828 29 50 1450.00 1488543142360 1488543142360 1488543142391 0.82800E+03
829 29 50 1450.00 1488543143342 1488543143342 1488543143373 0.82900E+03
830 29 50 1450.00 1488543144360 1488543144366 1488543144389 0.83000E+03
831 29 50 1450.00 1488543145345 1488543145345 1488543145376 0.83100E+03
832 29 50 1450.00 1488543146358 1488543146358 1488543146373 0.83200E+03
833 29 50 1450.00 1488543147343 1488543147343 1488543147374 0.83300E+03
834 28 50 1400.00 1488543148359 1488543148359 1488543148390 0.83400E+03
835 28 50 1400.00 1488543149341 1488543149341 1488543149373 0.83500E+03
836 28 50 1400.00 1488543150344 1488543150344 1488543150375 0.83600E+03
837 27 50 1350.00 1488543151346 1488543151346 1488543151378 0.83700E+03
838 27 50 1350.00 1488543152343 1488543152343 1488543152375 0.83800E+03
839 27 50 1350.00 1488543153361 1488543153361 1488543153392 0.83900E+03
840 26 50 1300.00 1488543154348 1488543154348 1488543154379 0.84000E+03
841 26 50 1300.00 1488543155346 1488543155346 1488543155362 0.84100E+03
842 25 50 1250.00 1488543156348 1488543156348 1488543156379 0.84200E+03
843 25 50 1250.00 1488543157346 1488543157346 1488543157377 0.84300E+03
844 24 50 1200.00 1488543158348 1488543158348 1488543158379 0.84400E+03
845 23 50 1150.00 1488543159350 1488543159350 1488543159381 0.84500E+03
846 23 50 1150.00 1488543160349 1488543160349 1488543160380 0.84600E+03
847 22 50 1100.00 1488543161336 1488543161336 1488543161367 0.84700E+03
848 22 50 1100.00 1488543162348 1488543162348 1488543162379 0.84800E+03
849 21 50 1050.00 1488543163335 1488543163335 1488543163366 0.84900E+03
850 20 50 1000.00 1488543164350 1488543164350 1488543164381 0.85000E+03
851 20 50 1000.00 1488543165335 1488543165335 1488543165366 0.85100E+03
852 19 50 950.00 1488543166353 1488543166353 1488543166368 0.85200E+03
853 19 50 950.00 1488543167337 1488543167337 1488543167368 0.85300E+03
854 18 50 900.00 1488543168349 1488543168349 1488543168380 0.85400E+03
855 17 50 850.00 1488543169350 1488543169350 1488543169381 0.85500E+03
856 17 50 850.00 1488543170335 1488543170335 1488543170366 0.85600E+03
857 16 50 800.00 1488543171352 1488543171352 1488543171383 0.85700E+03
858 15 50 750.00 1488543172350 1488543172350 1488543172381 0.85800E+03
859 15 50 750.00 1488543173353 1488543173353 1488543173400 0.85900E+03
860 14 50 700.00 1488543174353 1488543174353 1488543174384 0.86000E+03
861 14 50 700.00 1488543175335 1488543175335 1488543175366 0.86100E+03
862 13 50 650.00 1488543176354 1488543176354 1488543176370 0.86200E+03
863 13 50 650.00 1488543177351 1488543177351 1488543177383 0.86300E+03
864 12 50 600.00 1488543178354 1488543178354 1488543178385 0.86400E+03
865 12 50 600.00 1488543179354 1488543179354 1488543179385 0.86500E+03
866 12 50 600.00 1488543180341 1488543180341 1488543180372 0.86600E+03
867 11 50 550.00 1488543181342 1488543181342 1488543181374 0.86700E+03
868 11 50 550.00 1488543182346 1488543182346 1488543182377 0.86800E+03
869 11 50 550.00 1488543183356 1488543183356 1488543183387 0.86900E+03
870 10 50 500.00 1488543184338 1488543184338 1488543184369 0.87000E+03
871 10 50 500.00 1488543185338 1488543185338 1488543185353 0.87100E+03
872 10 50 500.00 1488543186344 1488543186344 1488543186375 0.87200E+03
873 10 50 500.00 1488543187358 1488543187358 1488543187389 0.87300E+03
874 10 50 500.00 1488543188342 1488543188342 1488543188374 0.87400E+03
875 10 50 500.00 1488543189358 1488543189358 1488543189436 0.87500E+03
876 10 50 500.00 1488543190343 1488543190343 1488543190374 0.87600E+03
877 10 50 500.00 1488543191345 1488543191345 1488543191376 0.87700E+03
878 10 50 500.00 1488543192345 1488543192345 1488543192376 0.87800E+03
879 10 50 500.00 1488543193345 1488543193345 1488543193377 0.87900E+03
880 10 50 500.00 1488543194345 1488543194345 1488543194377 0.88000E+03
881 10 50 500.00 1488543195336 1488543195336 1488543195368 0.88100E+03
882 10 50 500.00 1488543196345 1488543196345 1488543196376 0.88200E+03
883 10 50 500.00 1488543197346 1488543197346 1488543197377 0.88300E+03
884 11 50 550.00 1488543198334 1488543198334 1488543198366 0.88400E+03
885 11 50 550.00 1488543199345 1488543199345 1488543199392 0.88500E+03
886 11 50 550.00 1488543200345 1488543200345 1488543200376 0.88600E+03
887 12 50 600.00 1488543201348 1488543201348 1488543201379 0.88700E+03
888 12 50 600.00 1488543202346 1488543202346 1488543202377 0.88800E+03
889 12 50 600.00 1488543203350 1488543203350 1488543203381 0.88900E+03
890 13 50 650.00 1488543204333 1488543204333 1488543204364 0.89000E+03
891 13 50 650.00 1488543205346 1488543205346 1488543205378 0.89100E+03
892 14 50 700.00 1488543206350 1488543206350 1488543206382 0.89200E+03
893 14 50 700.00 1488543207355 1488543207355 1488543207386 0.89300E+03
894 15 50 750.00 1488543208348 1488543208348 1488543208364 0.89400E+03
895 16 50 800.00 1488543209351 1488543209351 1488543209723 0.89500E+03
896 16 50 800.00 1488543210341 1488543210341 1488543210372 0.89600E+03
897 17 50 850.00 1488543211348 1488543211348 1488543211380 0.89700E+03
898 17 50 850.00 1488543212349 1488543212349 1488543212380 0.89800E+03
899 18 50 900.00 1488543213343 1488543213343 1488543213374 0.89900E+03
900 19 50 950.00 1488543214349 1488543214349 1488543214380 0.90000E+03
901 19 50 950.00 1488543215349 1488543215349 1488543215381 0.90100E+03
902 20 50 1000.00 1488543216353 1488543216353 1488543216384 0.90200E+03
903 20 50 1000.00 1488543217351 1488543217351 1488543217382 0.90300E+03
904 21 50 1050.00 1488543218344 1488543218344 1488543218375 0.90400E+03
905 22 50 1100.00 1488543219350 1488543219350 1488543219382 0.90500E+03
906 22 50 1100.00 1488543220351 1488543220351 1488543220382 0.90600E+03
907 23 50 1150.00 1488543221346 1488543221346 1488543221377 0.90700E+03
908 23 50 1150.00 1488543222358 1488543222358 1488543222389 0.90800E+03
909 24 50 1200.00 1488543223352 1488543223352 1488543223384 0.90900E+03
910 25 50 1250.00 1488543224344 1488543224344 1488543224376 0.91000E+03
911 25 50 1250.00 1488543225352 1488543225352 1488543225383 0.91100E+03
912 26 50 1300.00 1488543226355 1488543226355 1488543226387 0.91200E+03
913 26 50 1300.00 1488543227355 1488543227355 1488543227386 0.91300E+03
914 27 50 1350.00 1488543228334 1488543228334 1488543228366 0.91400E+03
915 27 50 1350.00 1488543229357 1488543229357 1488543229388 0.91500E+03
916 27 50 1350.00 1488543230349 1488543230349 1488543230381 0.91600E+03
917 28 50 1400.00 1488543231352 1488543231352 1488543231384 0.91700E+03
918 28 50 1400.00 1488543232346 1488543232346 1488543232377 0.91800E+03
919 28 50 1400.00 1488543233336 1488543233336 1488543233352 0.91900E+03
920 29 50 1450.00 1488543234350 1488543234350 1488543234382 0.92000E+03
921 29 50 1450.00 1488543235348 1488543235348 1488543235379 0.92100E+03
922 29 50 1450.00 1488543236345 1488543236345 1488543236376 0.92200E+03
923 29 50 1450.00 1488543237357 1488543237357 1488543237389 0.92300E+03
924 29 50 1450.00 1488543238342 1488543238342 1488543238374 0.92400E+03
925 29 50 1450.00 1488543239349 1488543239349 1488543239380 0.92500E+03
926 29 50 1450.00 1488543240340 1488543240340 1488543240371 0.92600E+03
927 29 50 1450.00 1488543241352 1488543241352 1488543241368 0.92700E+03
928 29 50 1450.00 1488543242346 1488543242346 1488543242377 0.92800E+03
929 29 50 1450.00 1488543243346 1488543243346 1488543243377 0.92900E+03
930 29 50 1450.00 1488543244337 1488543244337 1488543244368 0.93000E+03
931 29 50 1450.00 1488543245362 1488543245362 1488543245393 0.93100E+03
932 29 50 1450.00 1488543246343 1488543246343 1488543246374 0.93200E+03
933 29 50 1450.00 1488543247344 1488543247344 1488543247375 0.93300E+03
934 28 50 1400.00 1488543248338 1488543248338 1488543248370 0.93400E+03
935 28 50 1400.00 1488543249342 1488543249342 1488543249357 0.93500E+03
936 28 50 1400.00 1488543250336 1488543250336 1488543250368 0.93600E+03
937 27 50 1350.00 1488543251352 1488543251352 1488543251383 0.93700E+03
938 27 50 1350.00 1488543252336 1488543252336 1488543252367 0.93800E+03
939 27 50 1350.00 1488543253345 1488543253345 1488543253377 0.93900E+03
940 26 50 1300.00 1488543254336 1488543254336 1488543254367 0.94000E+03
941 26 50 1300.00 1488543255350 1488543255354 1488543255382 0.94100E+03
942 25 50 1250.00 1488543256337 1488543256337 1488543256368 0.94200E+03
943 25 50 1250.00 1488543257347 1488543257347 1488543257378 0.94300E+03
944 24 50 1200.00 1488543258346 1488543258346 1488543258378 0.94400E+03
945 23 50 1150.00 1488543259337 1488543259337 1488543259369 0.94500E+03
946 23 50 1150.00 1488543260343 1488543260343 1488543260375 0.94600E+03
947 22 50 1100.00 1488543261357 1488543261357 1488543261388 0.94700E+03
948 22 50 1100.00 1488543262350 1488543262350 1488543262381 0.94800E+03
949 21 50 1050.00 1488543263357 1488543263357 1488543263388 0.94900E+03
950 20 50 1000.00 1488543264347 1488543264347 1488543264379 0.95000E+03
951 20 50 1000.00 1488543265338 1488543265338 1488543265370 0.95100E+03
952 19 50 950.00 1488543266335 1488543266335 1488543266350 0.95200E+03
953 19 50 950.00 1488543267344 1488543267344 1488543267376 0.95300E+03
954 18 50 900.00 1488543268344 1488543268344 1488543268376 0.95400E+03
955 17 50 850.00 1488543269344 1488543269344 1488543269376 0.95500E+03
956 17 50 850.00 1488543270346 1488543270346 1488543270377 0.95600E+03
957 16 50 800.00 1488543271353 1488543271353 1488543271384 0.95700E+03
958 16 50 800.00 1488543272334 1488543272334 1488543272365 0.95800E+03
959 15 50 750.00 1488543273343 1488543273343 1488543273374 0.95900E+03
960 14 50 700.00 1488543274347 1488543274347 1488543274379 0.96000E+03
961 14 50 700.00 1488543275345 1488543275345 1488543275376 0.96100E+03
962 13 50 650.00 1488543276351 1488543276351 1488543276382 0.96200E+03
963 13 50 650.00 1488543277345 1488543277345 1488543277377 0.96300E+03
964 12 50 600.00 1488543278336 1488543278336 1488543278367 0.96400E+03
965 12 50 600.00 1488543279346 1488543279346 1488543279377 0.96500E+03
966 12 50 600.00 1488543280345 1488543280345 1488543280377 0.96600E+03
967 11 50 550.00 1488543281339 1488543281339 1488543281370 0.96700E+03
968 11 50 550.00 1488543282346 1488543282346 1488543282377 0.96800E+03
969 11 50 550.00 1488543283336 1488543283336 1488543283368 0.96900E+03
970 10 50 500.00 1488543284346 1488543284346 1488543284409 0.97000E+03
971 10 50 500.00 1488543285346 1488543285346 1488543285378 0.97100E+03
972 10 50 500.00 1488543286348 1488543286348 1488543286379 0.97200E+03
973 10 50 500.00 1488543287338 1488543287338 1488543287369 0.97300E+03
974 10 50 500.00 1488543288355 1488543288355 1488543288386 0.97400E+03
975 10 50 500.00 1488543289356 1488543289356 1488543289387 0.97500E+03
976 10 50 500.00 1488543290349 1488543290349 1488543290380 0.97600E+03
977 10 50 500.00 1488543291355 1488543291355 1488543291386 0.97700E+03
978 10 50 500.00 1488543292335 1488543292335 1488543292367 0.97800E+03
979 10 50 500.00 1488543293350 1488543293350 1488543293382 0.97900E+03
980 10 50 500.00 1488543294345 1488543294345 1488543294376 0.98000E+03
981 10 50 500.00 1488543295351 1488543295351 1488543295382 0.98100E+03
982 10 50 500.00 1488543296351 1488543296351 1488543296383 0.98200E+03
983 10 50 500.00 1488543297341 1488543297341 1488543297373 0.98300E+03
984 11 50 550.00 1488543298360 1488543298360 1488543298392 0.98400E+03
985 11 50 550.00 1488543299338 1488543299338 1488543299369 0.98500E+03
986 11 50 550.00 1488543300349 1488543300349 1488543300380 0.98600E+03
987 12 50 600.00 1488543301355 1488543301355 1488543301386 0.98700E+03
988 12 50 600.00 1488543302346 1488543302351 1488543302367 0.98800E+03
989 12 50 600.00 1488543303334 1488543303342 1488543303377 0.98900E+03
990 13 50 650.00 1488543304346 1488543304346 1488543304393 0.99000E+03
991 13 50 650.00 1488543305343 1488543305343 1488543305374 0.99100E+03
992 14 50 700.00 1488543306349 1488543306349 1488543306380 0.99200E+03
993 14 50 700.00 1488543307355 1488543307355 1488543307377 0.99300E+03
994 15 50 750.00 1488543308356 1488543308356 1488543308387 0.99400E+03
995 16 50 800.00 1488543309354 1488543309360 1488543309387 0.99500E+03
996 16 50 800.00 1488543310347 1488543310347 1488543310379 0.99600E+03
997 17 50 850.00 1488543311354 1488543311354 1488543311385 0.99700E+03
998 17 50 850.00 1488543312348 1488543312348 1488543312379 0.99800E+03
999 18 50 900.00 1488543313335 1488543313335 1488543313366 0.99900E+03
1000 19 50 950.00 1488543314344 1488543314344 1488543314376 0.10000E+04
